1 0.884766 0.564583 0.014844 0.137500
1 0.873047 0.564583 0.011719 0.134722
3 0.912891 0.646528 0.038281 0.512500
3 0.869922 0.613889 0.019531 0.461111
0 0.764063 0.479167 0.087500 0.347222
1 0.135937 0.454167 0.014062 0.041667
1 0.146094 0.449306 0.010937 0.043056
2 0.106250 0.343056 0.048437 0.294444
2 0.164062 0.345833 0.042188 0.236111
2 0.199219 0.345139 0.028125 0.204167
2 0.287500 0.353472 0.123438 0.198611
1 0.333984 0.700000 0.013281 0.041667
2 0.408594 0.292361 0.068750 0.090278
2 0.614844 0.360417 0.117188 0.215278
1 0.436719 0.312500 0.009375 0.036111
