2 0.142969 0.850000 0.040625 0.125000
2 0.141406 0.757639 0.039062 0.059722
2 0.135937 0.703472 0.043750 0.037500
2 0.013672 0.725694 0.027344 0.098611
2 0.082813 0.345139 0.031250 0.112500
2 0.050000 0.338194 0.031250 0.104167
2 0.626562 0.613194 0.054688 0.043056
2 0.626562 0.565972 0.056250 0.037500
2 0.625000 0.529861 0.054688 0.037500
2 0.571875 0.521528 0.048437 0.023611
2 0.569531 0.550694 0.046875 0.026389
2 0.457031 0.500694 0.035937 0.023611
2 0.455469 0.530556 0.039062 0.027778
2 0.418359 0.493056 0.030469 0.019444
2 0.417969 0.520833 0.029687 0.030556
2 0.838672 0.900000 0.124219 0.052778
2 0.845703 0.975000 0.102344 0.050000
2 0.958594 0.852778 0.082813 0.041667
2 0.965234 0.926389 0.069531 0.058333
