1 0.409375 0.769444 0.018750 0.055556
1 0.495313 0.679167 0.057813 0.047222
1 0.488672 0.785417 0.044531 0.040278
1 0.491016 0.878472 0.055469 0.056944
1 0.216016 0.867361 0.050781 0.026389
1 0.421094 0.909722 0.023438 0.050000
2 0.351562 0.699306 0.128125 0.323611
2 0.499219 0.671528 0.145313 0.098611
2 0.498047 0.775694 0.136719 0.095833
2 0.498828 0.866667 0.133594 0.100000
2 0.153516 0.921528 0.216406 0.068056
2 0.698047 0.900000 0.180469 0.158333
1 0.498437 0.027083 0.028125 0.051389
2 0.434766 0.103472 0.146094 0.195833
