1 0.175391 0.376389 0.016406 0.038889
1 0.089844 0.529167 0.007812 0.036111
1 0.166016 0.663194 0.021094 0.015278
1 0.166797 0.713194 0.024219 0.015278
1 0.168750 0.768750 0.021875 0.020833
1 0.168750 0.814583 0.021875 0.018056
1 0.170312 0.856944 0.018750 0.027778
1 0.387109 0.604167 0.010156 0.036111
1 0.401172 0.598611 0.008594 0.036111
1 0.457422 0.579167 0.011719 0.030556
1 0.283984 0.356944 0.010156 0.038889
1 0.440625 0.332639 0.014062 0.034722
1 0.505078 0.318750 0.010156 0.034722
1 0.600781 0.329861 0.009375 0.029167
1 0.644531 0.336111 0.010937 0.036111
1 0.658984 0.338194 0.010156 0.031944
1 0.751562 0.351389 0.009375 0.027778
1 0.767187 0.355556 0.010937 0.027778
1 0.804688 0.181944 0.009375 0.027778
1 0.935547 0.192361 0.011719 0.037500
1 0.921094 0.575694 0.012500 0.212500
1 0.799609 0.551389 0.005469 0.197222
1 0.718359 0.605556 0.010156 0.033333
1 0.733984 0.609028 0.011719 0.034722
1 0.564453 0.563194 0.010156 0.026389
2 0.133203 0.257639 0.091406 0.306944
2 0.236328 0.245833 0.096094 0.261111
2 0.048828 0.554861 0.088281 0.209722
2 0.162891 0.660417 0.097656 0.026389
2 0.166016 0.722917 0.094531 0.029167
2 0.166797 0.772222 0.088281 0.025000
2 0.172266 0.817361 0.083594 0.020833
2 0.170703 0.877778 0.097656 0.025000
2 0.360547 0.698611 0.055469 0.202778
2 0.421094 0.675694 0.053125 0.201389
2 0.470703 0.653472 0.032031 0.187500
2 0.552344 0.629861 0.029687 0.187500
2 0.698438 0.680556 0.043750 0.200000
2 0.753516 0.711806 0.050781 0.231944
3 0.850000 0.578472 0.110937 0.648611
3 0.955859 0.605556 0.088281 0.686111
2 0.859375 0.156250 0.123438 0.109722
2 0.963672 0.164583 0.072656 0.120833
2 0.460938 0.217361 0.054688 0.251389
2 0.530078 0.220139 0.053906 0.248611
2 0.591406 0.216667 0.037500 0.261111
2 0.632812 0.221528 0.037500 0.262500
2 0.680078 0.228472 0.044531 0.256944
2 0.736328 0.234722 0.049219 0.272222
2 0.778906 0.236806 0.025000 0.265278
