1 0.385938 0.431944 0.017188 0.072222
1 0.637891 0.475694 0.017969 0.148611
1 0.632812 0.616667 0.018750 0.105556
0 0.937109 0.570139 0.125781 0.504167
3 0.716016 0.482639 0.161719 0.162500
3 0.708984 0.631944 0.163281 0.136111
2 0.171094 0.304861 0.090625 0.379167
2 0.257031 0.321528 0.064062 0.356944
2 0.316797 0.263194 0.041406 0.170833
2 0.364453 0.268750 0.038281 0.159722
2 0.502344 0.340278 0.079687 0.247222
2 0.586719 0.349306 0.078125 0.243056
2 0.683984 0.285417 0.074219 0.118056
2 0.772266 0.287500 0.071094 0.141667
