1 0.179688 0.771528 0.121875 0.015278
1 0.185937 0.848611 0.104687 0.052778
3 0.214844 0.434028 0.195312 0.606944
3 0.227734 0.902778 0.175781 0.194444
2 0.825000 0.744444 0.032812 0.158333
2 0.852734 0.702083 0.017969 0.156944
2 0.839844 0.560417 0.054688 0.048611
2 0.885547 0.534722 0.022656 0.066667
2 0.880859 0.645833 0.027344 0.100000
1 0.385938 0.786111 0.048437 0.041667
1 0.385156 0.852778 0.023438 0.036111
1 0.385156 0.920139 0.029687 0.037500
2 0.389062 0.784028 0.059375 0.048611
2 0.389453 0.859722 0.061719 0.044444
2 0.384375 0.921528 0.062500 0.056944
2 0.463672 0.738194 0.091406 0.043056
2 0.537500 0.699306 0.056250 0.034722
2 0.533594 0.763194 0.031250 0.056944
