1 0.847266 0.544444 0.035156 0.030556
1 0.855859 0.706944 0.042969 0.044444
1 0.855859 0.880556 0.047656 0.066667
1 0.762891 0.825000 0.042969 0.038889
1 0.761719 0.688194 0.034375 0.029167
1 0.760156 0.563889 0.037500 0.033333
1 0.618359 0.645833 0.086719 0.038889
1 0.616016 0.811806 0.077344 0.043056
1 0.061719 0.256250 0.028125 0.059722
1 0.431641 0.810417 0.132031 0.037500
2 0.610547 0.869444 0.132031 0.136111
2 0.611328 0.699306 0.133594 0.131944
2 0.441016 0.863889 0.121094 0.152778
0 0.096484 0.506250 0.160156 0.987500
2 0.821484 0.556250 0.150781 0.090278
2 0.821875 0.700000 0.164062 0.158333
2 0.828125 0.868750 0.170312 0.162500
