1 0.048828 0.472917 0.052344 0.259722
1 0.057422 0.749306 0.046094 0.262500
1 0.421484 0.363194 0.017969 0.031944
1 0.453516 0.360417 0.024219 0.037500
1 0.298438 0.356944 0.020312 0.025000
1 0.062500 0.231944 0.029687 0.038889
1 0.087109 0.249306 0.024219 0.020833
1 0.421484 0.126389 0.013281 0.019444
1 0.453906 0.124306 0.012500 0.034722
1 0.294141 0.122222 0.017969 0.030556
1 0.639844 0.127083 0.018750 0.023611
1 0.665234 0.120833 0.016406 0.022222
1 0.638281 0.356250 0.014062 0.023611
1 0.662500 0.357639 0.020312 0.037500
1 0.779297 0.274306 0.011719 0.023611
1 0.798437 0.264583 0.018750 0.031944
1 0.629687 0.711806 0.085938 0.023611
1 0.623438 0.913889 0.090625 0.041667
1 0.762500 0.699306 0.168750 0.023611
1 0.758203 0.913889 0.164844 0.025000
2 0.432813 0.893056 0.084375 0.205556
2 0.527344 0.895139 0.082813 0.209722
3 0.124219 0.802778 0.167187 0.394444
3 0.113281 0.432639 0.171875 0.218056
2 0.080469 0.143056 0.159375 0.275000
2 0.246875 0.097917 0.117188 0.101389
2 0.248047 0.322222 0.119531 0.313889
2 0.370313 0.331944 0.123438 0.325000
2 0.369141 0.081250 0.116406 0.123611
2 0.500391 0.077083 0.124219 0.120833
2 0.502734 0.329167 0.114844 0.330556
2 0.609766 0.088889 0.077344 0.116667
2 0.696875 0.082639 0.093750 0.101389
2 0.696875 0.272222 0.082813 0.216667
2 0.611719 0.266667 0.073437 0.213889
2 0.768359 0.147917 0.044531 0.270833
2 0.834766 0.132639 0.061719 0.240278
2 0.262891 0.850000 0.080469 0.211111
2 0.348828 0.845139 0.069531 0.201389
2 0.300391 0.700000 0.150781 0.052778
