1 0.270312 0.429167 0.060938 0.027778
1 0.103516 0.427083 0.050781 0.023611
1 0.094922 0.529167 0.047656 0.036111
1 0.259375 0.533333 0.059375 0.030556
1 0.093359 0.634722 0.047656 0.027778
1 0.265234 0.637500 0.061719 0.041667
1 0.262500 0.738194 0.051562 0.031944
1 0.264453 0.841667 0.053906 0.036111
1 0.261328 0.938889 0.060156 0.041667
1 0.091016 0.929167 0.057031 0.030556
1 0.093359 0.832639 0.060156 0.040278
1 0.093359 0.727778 0.053906 0.033333
2 0.185937 0.429167 0.256250 0.077778
2 0.176953 0.533333 0.267969 0.075000
2 0.180859 0.635417 0.260156 0.081944
2 0.186328 0.729861 0.267969 0.087500
2 0.182031 0.828472 0.265625 0.093056
2 0.184375 0.931944 0.259375 0.094444
