1 0.566406 0.540278 0.282813 0.061111
1 0.567578 0.365972 0.303906 0.056944
1 0.562109 0.184722 0.299219 0.025000
1 0.313281 0.232639 0.187500 0.023611
1 0.146094 0.246528 0.131250 0.015278
1 0.160547 0.357639 0.125781 0.037500
1 0.323047 0.356944 0.188281 0.052778
1 0.320703 0.495833 0.164844 0.052778
1 0.164453 0.473611 0.124219 0.041667
2 0.152344 0.287500 0.129688 0.097222
2 0.160156 0.403472 0.132812 0.098611
2 0.167578 0.523611 0.130469 0.111111
2 0.328516 0.547917 0.183594 0.115278
2 0.323828 0.419444 0.164844 0.100000
2 0.320703 0.288194 0.185156 0.087500
2 0.564844 0.276389 0.285937 0.130556
2 0.566797 0.448611 0.283594 0.150000
2 0.570703 0.609028 0.275781 0.181944
