1 0.487109 0.777778 0.014844 0.038889
1 0.480469 0.777778 0.012500 0.044444
1 0.610547 0.757639 0.039844 0.026389
1 0.617578 0.831250 0.042969 0.037500
1 0.614844 0.906944 0.048437 0.038889
1 0.410156 0.740972 0.017188 0.034722
2 0.397656 0.683333 0.034375 0.047222
2 0.398828 0.800694 0.033594 0.159722
2 0.492969 0.718056 0.135937 0.061111
2 0.458594 0.843750 0.060938 0.187500
2 0.531641 0.883333 0.074219 0.216667
2 0.615625 0.967361 0.056250 0.065278
2 0.616406 0.904167 0.060938 0.055556
2 0.616797 0.834722 0.058594 0.069444
2 0.618359 0.762500 0.055469 0.058333
2 0.300000 0.710417 0.078125 0.143056
2 0.308984 0.623611 0.064844 0.047222
2 0.199219 0.631944 0.110937 0.030556
2 0.183203 0.679167 0.038281 0.036111
2 0.227734 0.702083 0.057031 0.095833
1 0.820703 0.637500 0.013281 0.033333
1 0.808594 0.635417 0.017188 0.037500
2 0.850781 0.682639 0.056250 0.143056
2 0.860937 0.268750 0.060938 0.129167
2 0.807422 0.279167 0.055469 0.116667
2 0.735547 0.300694 0.047656 0.140278
2 0.682031 0.310417 0.048437 0.145833
2 0.401953 0.274306 0.066406 0.148611
2 0.470313 0.284028 0.060938 0.145833
2 0.271875 0.330556 0.051562 0.238889
2 0.216406 0.334722 0.056250 0.272222
1 0.432422 0.503472 0.028906 0.204167
1 0.451562 0.513889 0.026563 0.186111
3 0.467578 0.495139 0.061719 0.240278
3 0.399609 0.497917 0.057031 0.237500
0 0.592188 0.466667 0.070312 0.280556
1 0.616406 0.545833 0.017188 0.019444
