1 0.481641 0.554861 0.150781 0.073611
1 0.807031 0.675694 0.279687 0.093056
1 0.810156 0.402083 0.239063 0.073611
1 0.453516 0.320833 0.196094 0.075000
1 0.272656 0.498611 0.095312 0.055556
3 0.448828 0.147222 0.266406 0.283333
3 0.487109 0.448611 0.221094 0.244444
3 0.500781 0.679861 0.214062 0.276389
3 0.807422 0.781944 0.380469 0.352778
3 0.801172 0.506250 0.397656 0.326389
3 0.872266 0.181250 0.255469 0.312500
3 0.667578 0.176389 0.114844 0.266667
3 0.272656 0.289583 0.178125 0.381944
3 0.292578 0.601389 0.158594 0.225000
3 0.154687 0.452778 0.110937 0.272222
