1 0.532812 0.464583 0.023438 0.156944
1 0.532031 0.617361 0.020312 0.140278
3 0.554297 0.432639 0.071094 0.187500
3 0.556641 0.634028 0.061719 0.168056
1 0.461328 0.663194 0.013281 0.026389
1 0.439063 0.738194 0.017188 0.029167
1 0.423828 0.756250 0.013281 0.026389
1 0.401172 0.698611 0.014844 0.038889
1 0.081250 0.840972 0.025000 0.037500
1 0.353125 0.406250 0.012500 0.040278
1 0.375391 0.413889 0.016406 0.038889
1 0.182031 0.163194 0.012500 0.029167
1 0.207422 0.175694 0.017969 0.026389
1 0.260938 0.345833 0.040625 0.161111
2 0.035547 0.239583 0.061719 0.404167
2 0.070703 0.835417 0.128906 0.087500
2 0.412500 0.833333 0.025000 0.177778
2 0.408594 0.690278 0.032812 0.063889
2 0.458203 0.670139 0.060156 0.065278
2 0.456641 0.790972 0.052344 0.179167
2 0.446875 0.206250 0.043750 0.170833
2 0.490234 0.229167 0.033594 0.150000
2 0.391016 0.247222 0.044531 0.325000
2 0.321094 0.224306 0.071875 0.381944
2 0.237891 0.113194 0.060156 0.206944
2 0.143359 0.104861 0.083594 0.187500
