1 0.257422 0.679861 0.027344 0.029167
1 0.402734 0.700000 0.028906 0.025000
1 0.553516 0.675694 0.032031 0.029167
1 0.676562 0.659722 0.032812 0.019444
1 0.542969 0.722917 0.029687 0.023611
1 0.669141 0.725694 0.024219 0.023611
1 0.544922 0.789583 0.024219 0.020833
1 0.818750 0.706250 0.015625 0.023611
1 0.916797 0.718056 0.016406 0.022222
1 0.918750 0.660417 0.012500 0.031944
1 0.096875 0.825694 0.021875 0.045833
1 0.113281 0.785417 0.012500 0.029167
1 0.098047 0.913194 0.024219 0.031944
1 0.115625 0.863889 0.014062 0.022222
1 0.103125 0.990972 0.025000 0.018056
1 0.120312 0.940972 0.023438 0.023611
1 0.101562 0.709722 0.017188 0.036111
1 0.133984 0.674306 0.013281 0.020833
1 0.150000 0.656250 0.015625 0.029167
1 0.178125 0.629861 0.012500 0.037500
1 0.362500 0.788889 0.018750 0.013889
1 0.447656 0.784722 0.025000 0.022222
1 0.362891 0.853472 0.025781 0.020833
1 0.440234 0.843750 0.027344 0.020833
2 0.366797 0.793750 0.057031 0.029167
2 0.435937 0.790278 0.057813 0.033333
2 0.363672 0.825000 0.050781 0.027778
2 0.434375 0.825694 0.057813 0.015278
2 0.368359 0.852083 0.047656 0.023611
2 0.428906 0.856944 0.062500 0.033333
2 0.371484 0.881250 0.058594 0.029167
2 0.435156 0.880556 0.068750 0.022222
2 0.550000 0.670833 0.109375 0.041667
2 0.545313 0.729167 0.107813 0.047222
2 0.548047 0.778472 0.119531 0.037500
2 0.668359 0.667361 0.096094 0.037500
2 0.662891 0.717361 0.097656 0.043056
2 0.771094 0.715278 0.068750 0.119444
2 0.848047 0.703472 0.057031 0.131944
2 0.928516 0.662500 0.049219 0.038889
2 0.925781 0.723611 0.057813 0.052778
2 0.102734 0.701389 0.038281 0.052778
2 0.132422 0.669444 0.032031 0.041667
2 0.153906 0.652778 0.029687 0.041667
2 0.171875 0.628472 0.026563 0.040278
2 0.113281 0.440972 0.089062 0.218056
2 0.673047 0.297917 0.058594 0.245833
2 0.742969 0.302083 0.062500 0.237500
2 0.507031 0.339583 0.075000 0.165278
2 0.100391 0.802778 0.050781 0.052778
2 0.100391 0.902083 0.050781 0.065278
2 0.103906 0.970139 0.039062 0.040278
2 0.396875 0.691667 0.142188 0.044444
2 0.255859 0.683333 0.130469 0.058333
