1 0.321875 0.456250 0.025000 0.106944
1 0.310156 0.334722 0.026563 0.119444
1 0.854688 0.777778 0.064062 0.055556
1 0.841406 0.857639 0.057813 0.068056
1 0.831250 0.947917 0.056250 0.073611
1 0.239063 0.230556 0.014062 0.027778
1 0.250781 0.229861 0.007812 0.029167
1 0.729297 0.158333 0.016406 0.066667
1 0.744922 0.157639 0.016406 0.062500
1 0.603516 0.318056 0.008594 0.041667
1 0.610937 0.315972 0.010937 0.043056
3 0.245312 0.333333 0.150000 0.116667
3 0.261328 0.520833 0.142969 0.211111
2 0.208203 0.215972 0.066406 0.081944
2 0.281250 0.213194 0.068750 0.087500
2 0.341406 0.262500 0.065625 0.163889
2 0.396875 0.263194 0.059375 0.148611
2 0.451172 0.271528 0.052344 0.143056
2 0.364062 0.520833 0.050000 0.122222
2 0.411719 0.525000 0.053125 0.122222
2 0.703125 0.138889 0.062500 0.163889
2 0.808203 0.111806 0.100781 0.173611
2 0.632031 0.234028 0.035937 0.245833
2 0.594922 0.237500 0.038281 0.222222
2 0.556641 0.229167 0.035156 0.133333
2 0.523438 0.240972 0.034375 0.109722
2 0.487891 0.531250 0.019531 0.131944
2 0.468750 0.511806 0.023438 0.123611
1 0.858984 0.308333 0.013281 0.077778
2 0.943359 0.206250 0.113281 0.359722
0 0.126563 0.418056 0.081250 0.452778
