1 0.699219 0.252778 0.034375 0.177778
1 0.696094 0.411806 0.029687 0.145833
3 0.731641 0.255556 0.066406 0.163889
3 0.721484 0.518056 0.050781 0.338889
2 0.571875 0.347917 0.064062 0.534722
2 0.632422 0.384722 0.033594 0.655556
2 0.816016 0.649306 0.039844 0.084722
2 0.822266 0.581944 0.042969 0.069444
0 0.505859 0.338194 0.163281 0.526389
2 0.277344 0.128472 0.037500 0.237500
2 0.307813 0.047222 0.023438 0.072222
2 0.332031 0.062500 0.023438 0.083333
1 0.821484 0.558333 0.047656 0.041667
1 0.879687 0.609722 0.054688 0.050000
1 0.949609 0.666667 0.080469 0.055556
1 0.607031 0.351389 0.018750 0.036111
