1 0.313672 0.372222 0.033594 0.113889
1 0.324219 0.493056 0.035937 0.119444
1 0.743359 0.206944 0.016406 0.030556
2 0.658594 0.741667 0.073437 0.236111
2 0.809766 0.219444 0.108594 0.419444
2 0.606250 0.205556 0.054688 0.308333
2 0.503125 0.333333 0.045313 0.180556
2 0.507812 0.147917 0.043750 0.137500
2 0.474219 0.468750 0.028125 0.023611
2 0.517969 0.506944 0.026563 0.030556
2 0.478125 0.500694 0.026563 0.029167
2 0.477734 0.541667 0.028906 0.041667
2 0.478906 0.593056 0.021875 0.044444
2 0.517578 0.578472 0.042969 0.154167
3 0.285156 0.343056 0.054688 0.150000
3 0.311719 0.509028 0.046875 0.123611
