1 0.819922 0.754167 0.063281 0.022222
1 0.728516 0.358333 0.117969 0.025000
1 0.730469 0.272917 0.118750 0.020833
1 0.299219 0.400000 0.059375 0.016667
1 0.299219 0.444444 0.053125 0.022222
1 0.207813 0.418056 0.012500 0.016667
1 0.208203 0.450000 0.013281 0.013889
1 0.207031 0.503472 0.014062 0.020833
3 0.327344 0.327083 0.132812 0.187500
3 0.330859 0.498611 0.133594 0.136111
2 0.206250 0.426389 0.085938 0.030556
2 0.208203 0.466667 0.080469 0.050000
2 0.207813 0.516667 0.081250 0.047222
1 0.074609 0.506944 0.053906 0.030556
0 0.082031 0.390972 0.068750 0.651389
3 0.669531 0.227778 0.270312 0.166667
3 0.671875 0.443056 0.275000 0.252778
1 0.980078 0.483333 0.039844 0.027778
1 0.982422 0.538889 0.035156 0.025000
2 0.921094 0.490972 0.157813 0.051389
2 0.923828 0.545139 0.152344 0.051389
3 0.789453 0.820833 0.155469 0.336111
