1 0.032812 0.622917 0.057813 0.754167
1 0.231641 0.814583 0.042969 0.029167
1 0.235156 0.943750 0.037500 0.026389
1 0.383594 0.802083 0.012500 0.029167
1 0.400000 0.795833 0.015625 0.027778
1 0.751953 0.700000 0.013281 0.027778
1 0.770312 0.702083 0.015625 0.029167
1 0.869531 0.713889 0.014062 0.025000
1 0.891406 0.663889 0.014062 0.025000
1 0.942969 0.662500 0.015625 0.019444
1 0.640625 0.681944 0.029687 0.016667
1 0.639453 0.645139 0.016406 0.018056
1 0.595703 0.636806 0.017969 0.023611
1 0.512891 0.415972 0.013281 0.026389
3 0.094141 0.595139 0.185156 0.781944
2 0.245312 0.806944 0.087500 0.050000
2 0.246484 0.933333 0.080469 0.105556
2 0.339063 0.908333 0.068750 0.183333
2 0.423438 0.868750 0.067188 0.195833
2 0.585938 0.728472 0.029687 0.237500
2 0.635547 0.752778 0.038281 0.180556
2 0.717969 0.770139 0.070312 0.179167
2 0.806250 0.781250 0.082813 0.181944
2 0.890234 0.789583 0.044531 0.181944
2 0.892969 0.665278 0.045313 0.044444
2 0.960156 0.769444 0.042188 0.230556
2 0.741797 0.648611 0.228906 0.061111
2 0.539844 0.300694 0.082813 0.276389
2 0.639844 0.304861 0.096875 0.256944
2 0.737891 0.201389 0.078906 0.063889
2 0.830469 0.194444 0.093750 0.066667
2 0.932813 0.292361 0.104687 0.276389
2 0.429297 0.277083 0.058594 0.306944
2 0.477734 0.301389 0.042969 0.280556
