1 0.201172 0.695833 0.061719 0.027778
1 0.471875 0.680556 0.051562 0.036111
1 0.719141 0.666667 0.055469 0.022222
1 0.921484 0.648611 0.042969 0.027778
1 0.843750 0.703472 0.023438 0.023611
1 0.628516 0.723611 0.021094 0.025000
1 0.563281 0.729167 0.025000 0.036111
1 0.307031 0.750694 0.018750 0.026389
1 0.289453 0.371528 0.025781 0.037500
1 0.537500 0.223611 0.015625 0.036111
1 0.597656 0.231944 0.025000 0.027778
1 0.787500 0.390278 0.017188 0.030556
2 0.189453 0.239583 0.221094 0.306944
2 0.446484 0.180556 0.192969 0.125000
2 0.669922 0.204167 0.171094 0.116667
2 0.851953 0.291667 0.130469 0.236111
2 0.914062 0.650000 0.143750 0.052778
2 0.895703 0.777778 0.130469 0.177778
2 0.707031 0.670833 0.176563 0.044444
2 0.694922 0.800000 0.164844 0.180556
2 0.469922 0.686806 0.202344 0.043056
2 0.465625 0.817361 0.210938 0.176389
2 0.193359 0.698611 0.242969 0.036111
2 0.192188 0.844444 0.246875 0.233333
