1 0.490234 0.476389 0.044531 0.036111
0 0.562109 0.345833 0.258594 0.638889
1 0.731641 0.709028 0.032031 0.040278
1 0.731641 0.775694 0.035156 0.045833
1 0.733984 0.839583 0.033594 0.048611
1 0.331250 0.547222 0.229687 0.019444
1 0.338281 0.592361 0.225000 0.009722
1 0.349219 0.644444 0.218750 0.013889
2 0.733984 0.705556 0.078906 0.052778
2 0.737891 0.777083 0.085156 0.059722
2 0.742578 0.850694 0.083594 0.065278
2 0.328516 0.540972 0.216406 0.040278
2 0.333594 0.585417 0.221875 0.040278
2 0.338672 0.634722 0.214844 0.036111
2 0.346484 0.681944 0.210156 0.036111
