1 0.780469 0.852778 0.017188 0.044444
1 0.869141 0.986806 0.028906 0.026389
1 0.762109 0.486111 0.017969 0.052778
1 0.753906 0.484722 0.017188 0.052778
2 0.783984 0.416667 0.044531 0.244444
2 0.745313 0.409722 0.028125 0.205556
1 0.775781 0.237500 0.014062 0.033333
1 0.790625 0.239583 0.017188 0.029167
1 0.840625 0.395833 0.012500 0.030556
2 0.770312 0.213889 0.028125 0.111111
2 0.807031 0.203472 0.040625 0.106944
2 0.868750 0.294444 0.056250 0.308333
2 0.760938 0.904861 0.048437 0.190278
2 0.837109 0.932639 0.069531 0.134722
