1 0.843750 0.493056 0.023438 0.027778
1 0.934766 0.495833 0.021094 0.027778
1 0.932031 0.430556 0.025000 0.025000
1 0.930078 0.544444 0.021094 0.025000
1 0.931641 0.596528 0.025781 0.043056
1 0.929688 0.656944 0.020312 0.022222
1 0.844531 0.634722 0.014062 0.022222
1 0.845703 0.585417 0.011719 0.026389
1 0.842188 0.533333 0.020312 0.022222
1 0.843750 0.440972 0.018750 0.020833
2 0.899609 0.445833 0.124219 0.025000
2 0.899219 0.488194 0.125000 0.034722
2 0.899219 0.536111 0.129688 0.050000
2 0.896875 0.585417 0.131250 0.056944
2 0.901953 0.645833 0.132031 0.055556
