1 0.867578 0.664583 0.039844 0.029167
1 0.872656 0.759028 0.039062 0.023611
1 0.878906 0.857639 0.045313 0.029167
1 0.691406 0.820139 0.046875 0.034722
1 0.691406 0.736806 0.040625 0.023611
1 0.692578 0.654167 0.042969 0.022222
1 0.882031 0.541667 0.051562 0.022222
2 0.898828 0.546528 0.196094 0.068056
2 0.882031 0.663194 0.189063 0.073611
2 0.889063 0.752083 0.178125 0.081944
2 0.892969 0.846528 0.173438 0.095833
2 0.697266 0.811111 0.127344 0.072222
2 0.701953 0.736806 0.132031 0.076389
2 0.701953 0.661806 0.142969 0.073611
