1 0.066797 0.840278 0.064844 0.044444
1 0.080469 0.937500 0.065625 0.047222
1 0.239063 0.810417 0.050000 0.037500
1 0.235156 0.718056 0.045313 0.033333
1 0.323438 0.577778 0.020312 0.019444
1 0.392188 0.542361 0.020312 0.023611
1 0.367578 0.612500 0.021094 0.027778
1 0.293359 0.669444 0.021094 0.036111
2 0.071484 0.818056 0.125781 0.050000
2 0.089062 0.918750 0.125000 0.065278
2 0.229687 0.797222 0.089062 0.050000
2 0.226562 0.715278 0.093750 0.038889
2 0.317187 0.673611 0.037500 0.091667
2 0.326172 0.581250 0.039844 0.037500
2 0.479297 0.567361 0.086719 0.112500
2 0.597266 0.590278 0.083594 0.100000
2 0.659375 0.528472 0.185937 0.045833
2 0.698438 0.596528 0.087500 0.095833
2 0.668359 0.292361 0.072656 0.198611
2 0.572656 0.291667 0.078125 0.197222
2 0.480859 0.288194 0.075781 0.190278
2 0.402344 0.284028 0.073437 0.193056
2 0.387109 0.549306 0.057031 0.020833
2 0.382422 0.629167 0.049219 0.086111
2 0.989844 0.243750 0.020312 0.115278
2 0.832812 0.555556 0.109375 0.061111
