1 0.777734 0.880556 0.050781 0.061111
1 0.766406 0.977083 0.042188 0.045833
1 0.890625 0.849306 0.025000 0.037500
1 0.902734 0.776389 0.025781 0.033333
1 0.782422 0.717361 0.025781 0.031944
1 0.778516 0.784722 0.021094 0.036111
1 0.688281 0.742361 0.021875 0.037500
1 0.692969 0.677778 0.025000 0.036111
1 0.044922 0.728472 0.041406 0.026389
1 0.196094 0.682639 0.032812 0.020833
1 0.119141 0.634722 0.044531 0.036111
1 0.087109 0.412500 0.014844 0.033333
1 0.111719 0.409722 0.018750 0.047222
1 0.601562 0.451389 0.010937 0.025000
1 0.632812 0.456944 0.017188 0.027778
1 0.630469 0.515972 0.015625 0.026389
1 0.600781 0.512500 0.021875 0.027778
1 0.596094 0.779167 0.076563 0.044444
1 0.516406 0.727778 0.056250 0.038889
1 0.543359 0.683333 0.019531 0.030556
1 0.569141 0.697917 0.021094 0.023611
2 0.522656 0.638889 0.051562 0.138889
2 0.596875 0.691667 0.071875 0.163889
2 0.596484 0.827778 0.071094 0.105556
2 0.526563 0.783333 0.076563 0.091667
2 0.701172 0.683333 0.064844 0.055556
2 0.691016 0.742361 0.083594 0.062500
2 0.784766 0.714583 0.083594 0.065278
2 0.786328 0.783333 0.075781 0.072222
2 0.914062 0.774306 0.123438 0.070833
2 0.918750 0.840278 0.126563 0.061111
2 0.803516 0.863889 0.261719 0.097222
2 0.771875 0.946528 0.193750 0.065278
2 0.603125 0.450694 0.028125 0.048611
2 0.632422 0.459028 0.033594 0.054167
2 0.603906 0.504167 0.026563 0.044444
2 0.635156 0.520139 0.034375 0.056944
2 0.156250 0.443750 0.106250 0.231944
2 0.051562 0.468056 0.090625 0.250000
2 0.138672 0.622917 0.177344 0.054167
2 0.123047 0.703472 0.199219 0.045833
