1 0.180078 0.515278 0.022656 0.044444
1 0.205859 0.508333 0.032031 0.041667
0 0.126563 0.452778 0.106250 0.841667
0 0.227344 0.396528 0.092188 0.729167
1 0.716406 0.897917 0.034375 0.120833
1 0.765625 0.921528 0.034375 0.123611
1 0.951953 0.834722 0.096094 0.072222
1 0.588281 0.708333 0.081250 0.050000
1 0.737891 0.107639 0.025781 0.115278
2 0.656641 0.160417 0.192969 0.309722
2 0.888672 0.185417 0.222656 0.309722
2 0.609375 0.720139 0.159375 0.093056
2 0.621875 0.900000 0.229687 0.200000
2 0.877734 0.937500 0.244531 0.125000
2 0.916016 0.817361 0.167969 0.101389
