1 0.256250 0.611111 0.035937 0.030556
1 0.258203 0.688194 0.039844 0.023611
1 0.258594 0.760417 0.042188 0.023611
1 0.489062 0.720833 0.032812 0.025000
1 0.484766 0.645139 0.025781 0.034722
1 0.487500 0.582639 0.032812 0.023611
1 0.377344 0.595139 0.018750 0.026389
1 0.376953 0.666667 0.017969 0.033333
1 0.378125 0.738889 0.020312 0.027778
0 0.944531 0.418750 0.028125 0.518056
2 0.254297 0.611806 0.097656 0.059722
2 0.382031 0.593750 0.128125 0.065278
2 0.488672 0.581944 0.083594 0.063889
2 0.485547 0.648611 0.074219 0.044444
2 0.494531 0.712500 0.075000 0.058333
2 0.378906 0.668750 0.114063 0.045833
2 0.374219 0.741667 0.117188 0.047222
2 0.264062 0.681944 0.092188 0.047222
2 0.259766 0.758333 0.089844 0.063889
