1 0.900000 0.478472 0.045313 0.379167
1 0.939453 0.468056 0.044531 0.394444
1 0.059375 0.901389 0.039062 0.058333
1 0.142578 0.766667 0.021094 0.036111
1 0.178516 0.702778 0.022656 0.030556
1 0.198828 0.664583 0.011719 0.029167
1 0.248828 0.386111 0.014844 0.027778
1 0.285156 0.376389 0.021875 0.033333
1 0.638281 0.379167 0.012500 0.030556
1 0.669141 0.375000 0.019531 0.019444
1 0.792578 0.194444 0.011719 0.027778
1 0.817187 0.181944 0.015625 0.016667
1 0.643359 0.584722 0.024219 0.030556
1 0.605078 0.668056 0.011719 0.019444
1 0.510547 0.678472 0.017969 0.015278
1 0.474219 0.684722 0.018750 0.016667
1 0.157422 0.895833 0.021094 0.036111
1 0.175000 0.863194 0.021875 0.026389
1 0.208594 0.754861 0.014062 0.023611
1 0.214844 0.740278 0.015625 0.038889
1 0.126563 0.343056 0.012500 0.025000
1 0.138672 0.356944 0.010156 0.019444
1 0.159766 0.372917 0.008594 0.020833
2 0.114063 0.217361 0.034375 0.309722
2 0.146484 0.269444 0.027344 0.272222
2 0.216016 0.293056 0.083594 0.233333
2 0.310547 0.297917 0.078906 0.229167
2 0.611719 0.304167 0.073437 0.244444
2 0.687109 0.294444 0.064844 0.213889
2 0.784375 0.193750 0.042188 0.051389
2 0.739844 0.302083 0.026563 0.206944
1 0.812500 0.315972 0.025000 0.081944
2 0.818359 0.181944 0.024219 0.063889
3 0.880859 0.579861 0.097656 0.831944
3 0.962109 0.564583 0.075781 0.868056
2 0.446484 0.736806 0.086719 0.181944
2 0.534766 0.725694 0.074219 0.162500
2 0.644531 0.706250 0.110937 0.176389
2 0.647656 0.594444 0.103125 0.052778
2 0.062109 0.873611 0.089844 0.077778
2 0.140625 0.756944 0.056250 0.050000
2 0.145313 0.924306 0.037500 0.151389
2 0.173047 0.698611 0.036719 0.052778
2 0.178516 0.861806 0.036719 0.154167
2 0.198437 0.659028 0.028125 0.045833
2 0.204297 0.806944 0.025781 0.130556
