1 0.778516 0.636111 0.010156 0.275000
1 0.795313 0.636806 0.015625 0.259722
3 0.742188 0.709028 0.079687 0.556944
3 0.852344 0.717361 0.126563 0.556944
1 0.096484 0.797222 0.019531 0.025000
1 0.098047 0.888889 0.025781 0.027778
2 0.100391 0.794444 0.053906 0.041667
2 0.101172 0.890972 0.071094 0.081944
2 0.058203 0.381944 0.067969 0.313889
2 0.139062 0.400000 0.064062 0.297222
2 0.323828 0.427778 0.024219 0.222222
2 0.386719 0.428472 0.050000 0.204167
2 0.458203 0.425694 0.055469 0.195833
2 0.533984 0.357639 0.064844 0.081944
2 0.603516 0.355556 0.057031 0.086111
2 0.672266 0.425694 0.041406 0.209722
2 0.763281 0.345139 0.093750 0.106944
2 0.866406 0.343056 0.096875 0.100000
2 0.549609 0.712500 0.157031 0.033333
2 0.031250 0.931250 0.045313 0.087500
