1 0.085156 0.673611 0.020312 0.036111
1 0.402734 0.174306 0.019531 0.043056
1 0.424609 0.172222 0.013281 0.041667
1 0.537109 0.192361 0.010156 0.023611
1 0.665625 0.169444 0.010937 0.016667
3 0.157813 0.279861 0.039062 0.076389
3 0.158984 0.397917 0.041406 0.120833
2 0.164062 0.716667 0.189063 0.316667
2 0.029297 0.767361 0.053906 0.398611
2 0.341016 0.168750 0.030469 0.168056
2 0.390625 0.134722 0.046875 0.161111
2 0.443750 0.122917 0.056250 0.151389
2 0.500391 0.120139 0.049219 0.229167
2 0.563672 0.117361 0.053906 0.206944
2 0.625000 0.123611 0.060938 0.194444
2 0.702344 0.114583 0.081250 0.187500
2 0.602344 0.631250 0.082813 0.295833
2 0.482031 0.591667 0.064062 0.230556
1 0.378516 0.494444 0.089844 0.033333
1 0.302344 0.485417 0.050000 0.015278
1 0.301953 0.531250 0.047656 0.023611
1 0.302734 0.585417 0.047656 0.034722
2 0.295703 0.602083 0.047656 0.045833
2 0.303516 0.553472 0.047656 0.037500
2 0.302344 0.499306 0.039062 0.031944
2 0.300000 0.457639 0.046875 0.034722
