1 0.353125 0.589583 0.073437 0.026389
1 0.357031 0.695833 0.065625 0.030556
1 0.686328 0.698611 0.075781 0.038889
1 0.681641 0.568750 0.064844 0.031944
1 0.683984 0.465972 0.057031 0.023611
1 0.356250 0.463194 0.060938 0.026389
1 0.351953 0.340972 0.063281 0.029167
1 0.682813 0.333333 0.073437 0.030556
1 0.680859 0.218750 0.072656 0.026389
1 0.354297 0.218056 0.060156 0.022222
1 0.350391 0.100694 0.063281 0.023611
1 0.682031 0.097917 0.068750 0.034722
2 0.514063 0.153472 0.514063 0.115278
2 0.509766 0.267361 0.502344 0.118056
2 0.515625 0.390278 0.515625 0.122222
2 0.516016 0.511806 0.516406 0.112500
2 0.515234 0.627083 0.508594 0.104167
2 0.515234 0.745139 0.497656 0.106944
