1 0.599609 0.479167 0.013281 0.050000
1 0.551562 0.348611 0.034375 0.016667
1 0.486719 0.336806 0.025000 0.020833
1 0.490234 0.395139 0.032031 0.020833
1 0.551562 0.403472 0.029687 0.023611
1 0.548828 0.462500 0.032031 0.013889
1 0.487891 0.449306 0.027344 0.018056
1 0.487500 0.503472 0.029687 0.020833
1 0.551562 0.525000 0.032812 0.016667
1 0.551172 0.575000 0.033594 0.025000
1 0.489062 0.563889 0.026563 0.022222
2 0.492969 0.343056 0.057813 0.044444
2 0.555078 0.349306 0.061719 0.054167
2 0.492188 0.392361 0.054688 0.051389
2 0.554297 0.401389 0.060156 0.052778
2 0.492188 0.449306 0.054688 0.043056
2 0.552344 0.465972 0.056250 0.051389
2 0.494141 0.504167 0.060156 0.036111
2 0.553906 0.522222 0.051562 0.041667
2 0.491797 0.567361 0.044531 0.056944
2 0.551953 0.579167 0.060156 0.058333
2 0.626172 0.481944 0.074219 0.300000
