1 0.951172 0.884028 0.097656 0.109722
1 0.781641 0.707639 0.046094 0.040278
1 0.811328 0.931944 0.036719 0.136111
1 0.852734 0.954167 0.021094 0.091667
1 0.810156 0.133333 0.010937 0.075000
1 0.825391 0.126389 0.017969 0.088889
1 0.990234 0.207639 0.019531 0.148611
1 0.109766 0.293750 0.025781 0.098611
1 0.070703 0.284722 0.017969 0.105556
2 0.247656 0.767361 0.043750 0.176389
2 0.251172 0.614583 0.047656 0.043056
2 0.043359 0.185417 0.072656 0.323611
2 0.141406 0.224306 0.100000 0.304167
2 0.277344 0.306250 0.031250 0.193056
2 0.307031 0.317361 0.026563 0.156944
2 0.320703 0.581944 0.060156 0.033333
2 0.304688 0.715278 0.043750 0.155556
2 0.339844 0.675000 0.021875 0.113889
2 0.363281 0.550000 0.015625 0.030556
2 0.362109 0.606250 0.019531 0.048611
2 0.362500 0.643056 0.015625 0.033333
2 0.362109 0.689583 0.022656 0.048611
2 0.794531 0.708333 0.070312 0.086111
2 0.936328 0.831944 0.127344 0.125000
2 0.907031 0.961111 0.090625 0.077778
2 0.792188 0.892361 0.082813 0.215278
2 0.949219 0.169444 0.101562 0.305556
2 0.849609 0.114583 0.058594 0.106944
2 0.796875 0.162500 0.054688 0.091667
0 0.642969 0.485417 0.023438 0.479167
2 0.509766 0.565278 0.036719 0.044444
2 0.511328 0.609722 0.027344 0.044444
