1 0.780469 0.711111 0.018750 0.036111
1 0.775391 0.767361 0.022656 0.029167
1 0.768750 0.833333 0.020312 0.030556
1 0.764844 0.893750 0.018750 0.031944
1 0.912891 0.863194 0.022656 0.034722
1 0.636719 0.804861 0.020312 0.029167
2 0.545703 0.780556 0.208594 0.144444
2 0.786719 0.715972 0.150000 0.059722
2 0.789453 0.770139 0.142969 0.048611
2 0.774219 0.835417 0.162500 0.054167
2 0.775781 0.897917 0.139062 0.048611
2 0.946875 0.864583 0.106250 0.162500
1 0.926562 0.454167 0.043750 0.025000
0 0.870313 0.390972 0.150000 0.276389
