1 0.406641 0.690278 0.017969 0.036111
1 0.407422 0.572917 0.022656 0.023611
1 0.304688 0.539583 0.018750 0.020833
1 0.303125 0.566667 0.015625 0.019444
1 0.305078 0.634722 0.013281 0.036111
1 0.236328 0.597222 0.013281 0.022222
1 0.238672 0.541667 0.016406 0.022222
1 0.233984 0.515278 0.014844 0.022222
1 0.102734 0.551389 0.027344 0.022222
1 0.105859 0.492361 0.021094 0.026389
2 0.099609 0.505556 0.117969 0.041667
2 0.098047 0.556944 0.110156 0.038889
2 0.242578 0.519444 0.049219 0.036111
2 0.237500 0.558333 0.042188 0.038889
2 0.244141 0.608333 0.058594 0.052778
2 0.308203 0.536806 0.061719 0.029167
2 0.311328 0.579861 0.063281 0.051389
2 0.320312 0.655556 0.064062 0.066667
2 0.419141 0.584028 0.121094 0.084722
2 0.419922 0.696528 0.092969 0.095833
0 0.619922 0.379167 0.039844 0.255556
0 0.578906 0.385417 0.042188 0.243056
