1 0.294922 0.658333 0.077344 0.044444
1 0.481250 0.656944 0.062500 0.041667
1 0.729297 0.905556 0.071094 0.047222
1 0.868359 0.900694 0.052344 0.040278
1 0.416016 0.407639 0.057031 0.029167
1 0.223438 0.968750 0.064062 0.026389
1 0.353125 0.979861 0.059375 0.029167
1 0.360938 0.079861 0.043750 0.018056
2 0.292188 0.654861 0.176563 0.131944
2 0.475781 0.656250 0.184375 0.126389
2 0.408984 0.408333 0.127344 0.091667
2 0.771484 0.281944 0.155469 0.113889
2 0.968359 0.584028 0.063281 0.101389
1 0.989062 0.604167 0.021875 0.038889
2 0.880469 0.735417 0.235938 0.162500
2 0.829297 0.907639 0.341406 0.095833
2 0.225000 0.945833 0.118750 0.108333
2 0.348437 0.949306 0.112500 0.101389
2 0.354297 0.073611 0.102344 0.066667
