1 0.124609 0.614583 0.050781 0.031944
1 0.324219 0.704861 0.050000 0.026389
1 0.324219 0.762500 0.042188 0.036111
1 0.327734 0.823611 0.042969 0.027778
1 0.327734 0.874306 0.047656 0.023611
1 0.505078 0.690278 0.047656 0.022222
1 0.562891 0.676389 0.038281 0.025000
1 0.300781 0.339583 0.045313 0.029167
1 0.366797 0.342361 0.049219 0.029167
1 0.567187 0.331944 0.045313 0.025000
1 0.618750 0.326389 0.037500 0.019444
3 0.908203 0.395833 0.163281 0.186111
3 0.912500 0.706944 0.167187 0.425000
2 0.289844 0.220139 0.089062 0.251389
2 0.140625 0.624306 0.189063 0.070833
2 0.405078 0.228472 0.124219 0.243056
2 0.528125 0.227083 0.126563 0.234722
2 0.648438 0.233333 0.112500 0.225000
2 0.325391 0.715278 0.133594 0.055556
2 0.328125 0.767361 0.132812 0.043056
2 0.329688 0.813889 0.132812 0.044444
2 0.329297 0.918750 0.136719 0.120833
2 0.469141 0.818056 0.122656 0.280556
2 0.600391 0.781944 0.119531 0.252778
