1 0.285156 0.795833 0.020312 0.072222
1 0.176172 0.622222 0.080469 0.027778
1 0.366406 0.631250 0.021875 0.026389
1 0.491797 0.629167 0.017969 0.022222
1 0.616016 0.631944 0.019531 0.016667
1 0.811328 0.629167 0.075781 0.030556
1 0.491016 0.714583 0.110156 0.037500
1 0.486328 0.804861 0.102344 0.043056
1 0.481250 0.882639 0.101562 0.034722
1 0.679688 0.800694 0.017188 0.087500
1 0.298828 0.222222 0.019531 0.077778
1 0.691797 0.219444 0.014844 0.066667
2 0.194922 0.221528 0.249219 0.293056
2 0.176563 0.788194 0.248437 0.245833
2 0.173828 0.620833 0.257031 0.069444
2 0.364062 0.616667 0.109375 0.077778
2 0.488281 0.626389 0.109375 0.066667
2 0.614453 0.620139 0.122656 0.076389
2 0.813672 0.622222 0.258594 0.080556
2 0.778516 0.802083 0.232031 0.259722
2 0.482031 0.710417 0.343750 0.090278
2 0.480859 0.797917 0.346094 0.081944
2 0.479688 0.881250 0.348437 0.081944
