1 0.289844 0.549306 0.015625 0.037500
1 0.158594 0.723611 0.014062 0.019444
1 0.132812 0.736111 0.020312 0.033333
1 0.346484 0.595833 0.022656 0.016667
1 0.360547 0.638194 0.008594 0.020833
1 0.405078 0.643056 0.007031 0.016667
1 0.420312 0.645833 0.010937 0.027778
1 0.496875 0.609722 0.032812 0.025000
1 0.491797 0.672222 0.017969 0.016667
1 0.491797 0.744444 0.028906 0.019444
1 0.629297 0.636111 0.033594 0.016667
2 0.077734 0.819444 0.117969 0.186111
2 0.191016 0.775694 0.082031 0.154167
2 0.348828 0.592361 0.044531 0.029167
2 0.350000 0.675000 0.042188 0.116667
2 0.397266 0.686111 0.039844 0.125000
2 0.441016 0.699306 0.041406 0.123611
2 0.495313 0.674306 0.051562 0.043056
2 0.494141 0.742361 0.046094 0.054167
2 0.419141 0.604167 0.075781 0.033333
2 0.497266 0.603472 0.049219 0.026389
2 0.642578 0.633333 0.178906 0.030556
0 0.254687 0.520833 0.081250 0.508333
0 0.463672 0.425694 0.044531 0.145833
0 0.610937 0.441667 0.043750 0.108333
0 0.700000 0.474306 0.029687 0.062500
