1 0.442187 0.470139 0.028125 0.023611
1 0.578906 0.502778 0.031250 0.027778
1 0.507031 0.484028 0.028125 0.029167
1 0.572656 0.585417 0.028125 0.029167
1 0.572656 0.655556 0.026563 0.030556
1 0.646875 0.695833 0.025000 0.025000
1 0.649219 0.776389 0.026563 0.044444
1 0.645312 0.836111 0.026563 0.027778
1 0.639844 0.914583 0.028125 0.029167
1 0.641016 0.991667 0.027344 0.016667
1 0.569141 0.943750 0.021094 0.023611
1 0.568750 0.874306 0.025000 0.031944
1 0.569531 0.800000 0.031250 0.030556
1 0.567187 0.727778 0.028125 0.027778
1 0.501172 0.887500 0.019531 0.030556
1 0.499609 0.827083 0.025781 0.023611
1 0.500000 0.762500 0.018750 0.033333
1 0.498828 0.697222 0.017969 0.033333
1 0.499219 0.631944 0.023438 0.036111
1 0.501172 0.555556 0.019531 0.030556
1 0.443359 0.538889 0.024219 0.025000
1 0.442578 0.602083 0.024219 0.031944
1 0.443359 0.667361 0.024219 0.026389
1 0.441797 0.731250 0.016406 0.031944
1 0.440625 0.793750 0.018750 0.037500
1 0.442187 0.858333 0.023438 0.025000
2 0.447266 0.463194 0.046094 0.051389
2 0.505469 0.482639 0.062500 0.068056
2 0.575000 0.507639 0.062500 0.048611
2 0.575781 0.572917 0.054688 0.062500
2 0.646094 0.679861 0.062500 0.073611
2 0.646484 0.757639 0.061719 0.059722
2 0.645703 0.835417 0.055469 0.062500
2 0.646875 0.909722 0.067188 0.058333
2 0.646484 0.978472 0.069531 0.043056
2 0.571875 0.940972 0.056250 0.059722
2 0.578906 0.875694 0.056250 0.054167
2 0.578125 0.807639 0.056250 0.065278
2 0.577734 0.728472 0.053906 0.070833
2 0.575000 0.646528 0.060938 0.084722
2 0.510156 0.552083 0.057813 0.051389
2 0.446875 0.530556 0.054688 0.055556
2 0.450391 0.597222 0.049219 0.050000
2 0.502344 0.615278 0.064062 0.061111
2 0.451953 0.662500 0.052344 0.050000
2 0.505859 0.688889 0.058594 0.050000
2 0.448438 0.722222 0.046875 0.061111
2 0.502734 0.750694 0.053906 0.068056
2 0.446094 0.786111 0.051562 0.052778
2 0.499609 0.820833 0.050781 0.055556
2 0.446484 0.847222 0.046094 0.055556
2 0.509375 0.889583 0.059375 0.045833
