2 0.624219 0.240972 0.067188 0.134722
2 0.688281 0.239583 0.062500 0.137500
2 0.766797 0.329861 0.063281 0.168056
2 0.838672 0.296528 0.067969 0.101389
2 0.903906 0.297222 0.065625 0.097222
0 0.527734 0.440278 0.042969 0.244444
0 0.560547 0.441667 0.030469 0.241667
3 0.657031 0.381250 0.135937 0.154167
3 0.649219 0.484028 0.120312 0.054167
0 0.432031 0.471528 0.021875 0.423611
0 0.490625 0.445833 0.015625 0.288889
1 0.106250 0.620139 0.023438 0.015278
1 0.189844 0.630556 0.021875 0.011111
1 0.271094 0.629167 0.034375 0.025000
2 0.115625 0.625000 0.064062 0.041667
2 0.175781 0.624306 0.057813 0.051389
2 0.260547 0.623611 0.075781 0.052778
