1 0.594531 0.775694 0.015625 0.054167
1 0.558984 0.766667 0.019531 0.050000
1 0.325000 0.677083 0.045313 0.018056
1 0.322656 0.762500 0.048437 0.019444
1 0.321875 0.869444 0.046875 0.027778
1 0.333984 0.520833 0.038281 0.019444
1 0.329297 0.425000 0.041406 0.022222
2 0.328125 0.424306 0.143750 0.062500
2 0.333594 0.519444 0.143750 0.069444
2 0.322266 0.677083 0.150781 0.056944
2 0.324609 0.770139 0.147656 0.084722
2 0.323047 0.866667 0.141406 0.075000
2 0.502344 0.815972 0.131250 0.159722
2 0.648047 0.819444 0.116406 0.161111
2 0.145313 0.813889 0.110937 0.158333
