1 0.371094 0.790278 0.018750 0.147222
1 0.385547 0.779167 0.016406 0.141667
1 0.150000 0.836111 0.104687 0.077778
1 0.507422 0.704861 0.013281 0.109722
1 0.516016 0.697917 0.013281 0.106944
1 0.569141 0.627778 0.032031 0.030556
1 0.657812 0.590278 0.018750 0.025000
1 0.617969 0.604861 0.015625 0.018056
1 0.660547 0.636111 0.016406 0.025000
1 0.657812 0.688194 0.020312 0.037500
1 0.659375 0.742361 0.020312 0.029167
1 0.621875 0.664583 0.018750 0.026389
1 0.622656 0.720139 0.023438 0.023611
1 0.618359 0.775000 0.019531 0.027778
1 0.569141 0.830556 0.030469 0.030556
1 0.574609 0.759722 0.028906 0.027778
1 0.568750 0.691667 0.025000 0.030556
1 0.135156 0.306250 0.029687 0.162500
1 0.309375 0.345139 0.020312 0.115278
1 0.329297 0.343750 0.016406 0.104167
1 0.475781 0.375694 0.012500 0.090278
1 0.489062 0.375000 0.015625 0.097222
2 0.076563 0.204167 0.134375 0.380556
2 0.231250 0.209028 0.173438 0.409722
2 0.375000 0.212500 0.101562 0.416667
2 0.449219 0.252083 0.051562 0.351389
2 0.500781 0.273611 0.051562 0.313889
2 0.135156 0.904861 0.246875 0.190278
2 0.320703 0.860417 0.105469 0.279167
2 0.419922 0.841667 0.088281 0.316667
2 0.486719 0.823611 0.040625 0.327778
2 0.529688 0.772917 0.048437 0.295833
2 0.567187 0.638194 0.046875 0.034722
2 0.571094 0.693056 0.035937 0.063889
2 0.571875 0.768750 0.039062 0.059722
2 0.572266 0.838194 0.036719 0.059722
2 0.611719 0.615278 0.023438 0.041667
2 0.655078 0.595833 0.030469 0.050000
2 0.616016 0.664583 0.033594 0.045833
2 0.652734 0.643056 0.033594 0.038889
2 0.650391 0.700694 0.035156 0.045833
2 0.654688 0.741667 0.037500 0.041667
2 0.614062 0.728472 0.037500 0.054167
2 0.615234 0.774306 0.041406 0.040278
1 0.680078 0.627083 0.013281 0.065278
1 0.678125 0.320139 0.020312 0.065278
2 0.689062 0.290972 0.029687 0.131944
2 0.687109 0.662500 0.022656 0.152778
