3 0.054297 0.330556 0.094531 0.219444
3 0.071875 0.708333 0.101562 0.516667
2 0.266406 0.141667 0.198437 0.275000
1 0.348437 0.259722 0.018750 0.041667
1 0.544922 0.120139 0.022656 0.029167
1 0.714063 0.250000 0.023438 0.027778
1 0.747656 0.248611 0.012500 0.030556
1 0.954687 0.245833 0.021875 0.027778
1 0.650000 0.602778 0.023438 0.030556
1 0.648828 0.677083 0.017969 0.037500
1 0.646875 0.740278 0.021875 0.030556
1 0.651172 0.820139 0.017969 0.034722
1 0.388672 0.677778 0.019531 0.027778
2 0.467187 0.757639 0.182812 0.209722
2 0.646094 0.818056 0.125000 0.097222
2 0.645703 0.736111 0.130469 0.052778
2 0.646484 0.675694 0.124219 0.068056
2 0.646094 0.600694 0.129688 0.059722
2 0.077344 0.072917 0.101562 0.126389
2 0.460156 0.076389 0.187500 0.130556
2 0.648438 0.142361 0.167187 0.243056
2 0.809375 0.141667 0.145313 0.244444
2 0.937891 0.146528 0.080469 0.234722
