1 0.314844 0.836111 0.054688 0.052778
2 0.276953 0.786806 0.253906 0.170833
2 0.330078 0.946528 0.178906 0.106944
2 0.443750 0.822917 0.046875 0.348611
2 0.492969 0.781250 0.035937 0.318056
2 0.887109 0.627083 0.083594 0.065278
2 0.892969 0.718056 0.090625 0.097222
2 0.890625 0.816667 0.092188 0.113889
2 0.800781 0.657639 0.059375 0.206944
2 0.723047 0.694444 0.088281 0.125000
2 0.625781 0.695139 0.089062 0.118056
2 0.546094 0.659028 0.059375 0.187500
1 0.909375 0.849306 0.026563 0.037500
1 0.860547 0.776389 0.016406 0.030556
1 0.906250 0.746528 0.018750 0.029167
1 0.865234 0.697917 0.021094 0.031944
