1 0.162891 0.679861 0.022656 0.034722
1 0.152344 0.778472 0.021875 0.079167
1 0.184375 0.784722 0.017188 0.072222
1 0.168750 0.245833 0.020312 0.069444
1 0.142188 0.245139 0.015625 0.062500
1 0.363672 0.274306 0.041406 0.362500
1 0.367969 0.716667 0.035937 0.525000
3 0.521484 0.259722 0.364844 0.319444
3 0.522266 0.727083 0.338281 0.545833
2 0.221094 0.151389 0.128125 0.291667
2 0.086328 0.152083 0.136719 0.284722
2 0.162109 0.665972 0.271094 0.081944
2 0.110156 0.864583 0.114063 0.270833
2 0.237891 0.868056 0.124219 0.263889
2 0.405469 0.038194 0.184375 0.076389
2 0.604297 0.045139 0.160156 0.081944
1 0.009375 0.794444 0.018750 0.080556
