1 0.174219 0.613889 0.112500 0.772222
1 0.453125 0.442361 0.056250 0.023611
1 0.455859 0.483333 0.041406 0.025000
1 0.524219 0.451389 0.018750 0.047222
1 0.591016 0.475000 0.008594 0.052778
1 0.596484 0.479861 0.010156 0.043056
1 0.870703 0.614583 0.052344 0.040278
1 0.864844 0.699306 0.056250 0.034722
1 0.857422 0.783333 0.057031 0.033333
1 0.183203 0.194444 0.027344 0.080556
1 0.057031 0.080556 0.046875 0.111111
1 0.200391 0.412500 0.027344 0.041667
1 0.192578 0.304861 0.024219 0.026389
1 0.202734 0.450000 0.019531 0.033333
1 0.205078 0.479167 0.021094 0.036111
1 0.240625 0.400694 0.017188 0.059722
1 0.221875 0.658333 0.015625 0.036111
3 0.093359 0.597917 0.141406 0.731944
2 0.034375 0.095139 0.064062 0.148611
2 0.083594 0.112500 0.054688 0.161111
2 0.171094 0.140972 0.039062 0.159722
0 0.294922 0.372222 0.119531 0.372222
2 0.445703 0.445833 0.092969 0.038889
2 0.444922 0.490278 0.102344 0.052778
2 0.530859 0.469444 0.053906 0.086111
2 0.576563 0.464583 0.040625 0.090278
2 0.609766 0.481250 0.024219 0.048611
2 0.863672 0.610417 0.091406 0.065278
2 0.863672 0.698611 0.083594 0.066667
2 0.850000 0.775694 0.107813 0.065278
2 0.218359 0.663194 0.024219 0.084722
