1 0.965625 0.598611 0.029687 0.333333
1 0.991406 0.611806 0.017188 0.309722
1 0.774219 0.634028 0.015625 0.023611
1 0.536719 0.569444 0.014062 0.025000
1 0.539844 0.613194 0.015625 0.026389
1 0.485547 0.556250 0.016406 0.018056
1 0.488281 0.595833 0.014062 0.033333
1 0.414844 0.543750 0.010937 0.018056
1 0.240625 0.720139 0.015625 0.029167
1 0.548828 0.394444 0.033594 0.016667
1 0.512500 0.395139 0.028125 0.018056
1 0.650000 0.296528 0.048437 0.015278
1 0.703516 0.287500 0.052344 0.022222
1 0.792188 0.282639 0.059375 0.023611
1 0.841016 0.274306 0.035156 0.026389
1 0.971875 0.222222 0.056250 0.025000
2 0.778906 0.625694 0.103125 0.059722
3 0.917969 0.614583 0.103125 0.698611
3 0.990234 0.702778 0.019531 0.525000
2 0.504297 0.308333 0.049219 0.188889
2 0.569922 0.304167 0.064844 0.191667
2 0.645312 0.242361 0.057813 0.131944
2 0.712109 0.226389 0.069531 0.136111
2 0.787500 0.212500 0.067188 0.161111
2 0.848828 0.206944 0.046094 0.169444
2 0.947266 0.140278 0.105469 0.216667
2 0.489453 0.550694 0.035156 0.037500
2 0.538281 0.568056 0.053125 0.038889
2 0.539453 0.610417 0.049219 0.031944
2 0.487891 0.598611 0.041406 0.038889
2 0.416016 0.539583 0.086719 0.034722
2 0.216406 0.724306 0.084375 0.056944
1 0.118750 0.368056 0.059375 0.025000
2 0.079687 0.240972 0.126563 0.301389
2 0.098438 0.596528 0.121875 0.404167
1 0.313672 0.402778 0.032031 0.022222
2 0.318359 0.303472 0.075781 0.209722
1 0.778125 0.554167 0.051562 0.027778
2 0.779297 0.489583 0.053906 0.143056
2 0.835156 0.495833 0.039062 0.127778
