1 0.829297 0.538889 0.030469 0.197222
1 0.810547 0.540278 0.019531 0.172222
3 0.755078 0.552778 0.091406 0.663889
3 0.880078 0.553472 0.108594 0.648611
1 0.469531 0.530556 0.020312 0.033333
0 0.405859 0.466667 0.132031 0.575000
1 0.303125 0.915972 0.017188 0.040278
1 0.314453 0.894444 0.022656 0.027778
1 0.363672 0.777083 0.016406 0.043056
1 0.372656 0.665278 0.015625 0.027778
1 0.394531 0.629167 0.015625 0.025000
1 0.400000 0.691667 0.017188 0.036111
2 0.283203 0.947917 0.050781 0.104167
2 0.337109 0.911111 0.061719 0.177778
2 0.370703 0.833333 0.030469 0.197222
2 0.394531 0.772917 0.035937 0.190278
2 0.372656 0.664583 0.028125 0.045833
2 0.387891 0.637500 0.027344 0.041667
2 0.623828 0.120833 0.135156 0.230556
2 0.865234 0.109028 0.092969 0.184722
2 0.757812 0.113889 0.092188 0.194444
