3 0.150000 0.561806 0.170312 0.184722
1 0.172656 0.686111 0.125000 0.086111
3 0.164844 0.859028 0.135937 0.281944
3 0.283984 0.869444 0.064844 0.261111
1 0.488281 0.631944 0.035937 0.019444
1 0.545313 0.634028 0.035937 0.020833
1 0.648828 0.636806 0.036719 0.029167
1 0.652734 0.347917 0.036719 0.020833
1 0.505859 0.349306 0.032031 0.018056
1 0.406250 0.352083 0.035937 0.023611
2 0.369141 0.283333 0.121094 0.152778
2 0.476953 0.279167 0.094531 0.141667
2 0.694531 0.283333 0.132812 0.150000
2 0.674609 0.699306 0.102344 0.168056
2 0.569922 0.700000 0.100781 0.169444
2 0.464844 0.695833 0.103125 0.166667
