1 0.179297 0.249306 0.075781 0.029167
1 0.178125 0.352778 0.079687 0.025000
1 0.181250 0.450694 0.076563 0.026389
1 0.183984 0.546528 0.071094 0.029167
1 0.180078 0.643056 0.074219 0.033333
1 0.742188 0.606944 0.062500 0.041667
1 0.739062 0.717361 0.060938 0.048611
1 0.748828 0.495833 0.066406 0.033333
2 0.174609 0.293056 0.272656 0.102778
2 0.169922 0.390972 0.272656 0.095833
2 0.174609 0.487500 0.269531 0.094444
2 0.173828 0.594444 0.261719 0.083333
2 0.178906 0.675000 0.260938 0.122222
2 0.764453 0.529167 0.253906 0.150000
2 0.760547 0.639583 0.264844 0.162500
2 0.753125 0.743056 0.268750 0.166667
