1 0.675000 0.224306 0.043750 0.168056
1 0.813281 0.779167 0.057813 0.063889
1 0.790234 0.909722 0.024219 0.036111
1 0.823828 0.934028 0.027344 0.043056
1 0.912500 0.238889 0.025000 0.050000
1 0.949609 0.238889 0.022656 0.036111
1 0.384375 0.584028 0.023438 0.029167
1 0.389453 0.685417 0.024219 0.040278
1 0.389453 0.808333 0.024219 0.036111
1 0.294141 0.543750 0.024219 0.029167
2 0.080469 0.357639 0.087500 0.501389
2 0.137109 0.349306 0.071094 0.465278
2 0.348828 0.171528 0.042969 0.256944
2 0.396094 0.151389 0.059375 0.263889
2 0.471875 0.152778 0.078125 0.263889
2 0.579687 0.045139 0.106250 0.079167
2 0.710156 0.031250 0.135937 0.054167
1 0.621875 0.032639 0.029687 0.037500
1 0.651953 0.036111 0.024219 0.027778
2 0.862109 0.150000 0.135156 0.288889
2 0.972266 0.156250 0.055469 0.287500
2 0.853516 0.799306 0.292969 0.168056
2 0.739453 0.909722 0.128906 0.180556
2 0.902734 0.934028 0.177344 0.131944
2 0.305859 0.549306 0.074219 0.070833
2 0.385547 0.579167 0.088281 0.088889
2 0.390234 0.688889 0.082031 0.125000
2 0.395312 0.806250 0.085938 0.129167
2 0.284375 0.675694 0.039062 0.195833
2 0.321094 0.702778 0.053125 0.219444
