1 0.719531 0.286806 0.015625 0.051389
1 0.315234 0.309028 0.013281 0.051389
1 0.251563 0.308333 0.009375 0.041667
1 0.264062 0.304167 0.010937 0.044444
1 0.291016 0.604861 0.024219 0.023611
2 0.207422 0.207639 0.103906 0.318056
2 0.273828 0.225000 0.049219 0.263889
2 0.351172 0.224306 0.094531 0.262500
2 0.757031 0.195139 0.106250 0.295833
2 0.574219 0.745833 0.087500 0.238889
2 0.481641 0.727778 0.089844 0.219444
2 0.351172 0.699306 0.052344 0.262500
2 0.287109 0.768056 0.089844 0.216667
2 0.283984 0.606944 0.086719 0.061111
