1 0.148438 0.347222 0.145313 0.052778
1 0.498828 0.386111 0.111719 0.052778
1 0.497266 0.494444 0.103906 0.052778
1 0.494531 0.631250 0.107813 0.037500
1 0.493359 0.800694 0.092969 0.037500
1 0.839063 0.365278 0.096875 0.036111
1 0.732813 0.138194 0.056250 0.029167
1 0.801562 0.110417 0.060938 0.034722
2 0.117969 0.611806 0.229687 0.623611
2 0.470313 0.379167 0.410937 0.105556
2 0.467578 0.486806 0.413281 0.093056
2 0.458594 0.622917 0.414062 0.131944
2 0.465625 0.786806 0.407813 0.098611
2 0.809375 0.622222 0.198437 0.530556
2 0.680469 0.099306 0.157813 0.137500
2 0.877734 0.080556 0.205469 0.086111
2 0.970703 0.640278 0.058594 0.641667
