1 0.805078 0.805556 0.142969 0.233333
1 0.526563 0.170139 0.073437 0.151389
1 0.517578 0.669444 0.082031 0.175000
1 0.375391 0.591667 0.066406 0.144444
1 0.378516 0.235417 0.063281 0.126389
1 0.287109 0.254167 0.052344 0.108333
2 0.320312 0.253472 0.082813 0.237500
2 0.414453 0.252083 0.116406 0.284722
2 0.578125 0.220139 0.182812 0.343056
1 0.758984 0.095139 0.114844 0.170833
2 0.849609 0.240278 0.300781 0.400000
2 0.851172 0.720833 0.297656 0.544444
2 0.575391 0.665278 0.183594 0.402778
2 0.410156 0.588194 0.114063 0.293056
