1 0.314063 0.287500 0.020312 0.027778
1 0.343359 0.814583 0.024219 0.034722
1 0.343359 0.937500 0.017969 0.033333
1 0.830469 0.284722 0.017188 0.027778
1 0.980078 0.830556 0.024219 0.030556
1 0.495313 0.065972 0.015625 0.031944
1 0.453125 0.055556 0.018750 0.030556
2 0.227734 0.175694 0.194531 0.323611
2 0.416406 0.059028 0.110937 0.079167
2 0.526563 0.059028 0.101562 0.098611
2 0.635938 0.155556 0.114063 0.272222
2 0.785937 0.183333 0.117188 0.266667
2 0.321875 0.817361 0.160938 0.084722
2 0.333984 0.936806 0.155469 0.098611
2 0.767578 0.780556 0.071094 0.305556
2 0.918750 0.809028 0.148438 0.123611
