1 0.469922 0.511806 0.136719 0.037500
1 0.470313 0.629861 0.132812 0.040278
1 0.478906 0.818750 0.132812 0.037500
1 0.112891 0.565972 0.108594 0.026389
1 0.124219 0.675694 0.106250 0.045833
1 0.137109 0.801389 0.099219 0.027778
1 0.147656 0.906250 0.096875 0.045833
1 0.982031 0.697222 0.035937 0.033333
1 0.986328 0.431250 0.027344 0.023611
1 0.221875 0.039583 0.018750 0.059722
1 0.601562 0.026389 0.010937 0.041667
2 0.458594 0.526389 0.418750 0.063889
2 0.469141 0.677778 0.403906 0.127778
2 0.481250 0.845139 0.389062 0.126389
2 0.970312 0.725694 0.059375 0.123611
2 0.973047 0.534028 0.053906 0.243056
2 0.128125 0.576389 0.234375 0.083333
2 0.131641 0.686111 0.238281 0.086111
2 0.135547 0.799306 0.247656 0.093056
2 0.149219 0.925694 0.228125 0.131944
2 0.131641 0.050000 0.263281 0.080556
2 0.691797 0.027778 0.216406 0.052778
