1 0.126563 0.079861 0.029687 0.029167
1 0.121484 0.190278 0.025781 0.033333
1 0.121094 0.300000 0.026563 0.022222
1 0.368750 0.300694 0.034375 0.034722
1 0.619141 0.290278 0.027344 0.033333
1 0.622656 0.184028 0.029687 0.031944
1 0.882422 0.060417 0.028906 0.023611
1 0.882422 0.175694 0.030469 0.040278
1 0.881641 0.291667 0.032031 0.038889
1 0.877344 0.404167 0.029687 0.027778
1 0.619922 0.409028 0.024219 0.029167
1 0.619531 0.520833 0.026563 0.036111
1 0.878125 0.525000 0.023438 0.027778
1 0.369141 0.404167 0.022656 0.027778
1 0.130078 0.663889 0.033594 0.019444
1 0.367188 0.878472 0.032812 0.026389
1 0.369531 0.665972 0.023438 0.026389
1 0.615234 0.665972 0.027344 0.023611
1 0.872656 0.665972 0.020312 0.026389
1 0.866797 0.772222 0.019531 0.022222
1 0.866406 0.888194 0.021875 0.026389
1 0.615234 0.882639 0.030469 0.023611
1 0.622266 0.782639 0.030469 0.037500
1 0.131250 0.987500 0.032812 0.025000
2 0.129688 0.057639 0.212500 0.081944
2 0.131641 0.162500 0.217969 0.097222
2 0.132031 0.272917 0.215625 0.090278
2 0.127734 0.378472 0.221094 0.084722
2 0.128906 0.487500 0.229687 0.083333
2 0.133203 0.628472 0.219531 0.095833
2 0.137500 0.731250 0.217187 0.095833
2 0.138672 0.834028 0.219531 0.104167
2 0.140625 0.940278 0.214062 0.105556
1 0.369531 0.079861 0.023438 0.034722
2 0.374609 0.048611 0.216406 0.083333
2 0.373437 0.147917 0.225000 0.090278
2 0.374609 0.267361 0.222656 0.084722
2 0.370703 0.376389 0.219531 0.094444
2 0.374219 0.488194 0.206250 0.093056
2 0.372656 0.631944 0.210938 0.100000
2 0.376172 0.738194 0.210156 0.098611
2 0.374219 0.847917 0.218750 0.095833
2 0.376172 0.947222 0.210156 0.094444
2 0.624609 0.037500 0.221094 0.069444
2 0.620313 0.151389 0.225000 0.088889
2 0.624609 0.267361 0.222656 0.106944
2 0.623828 0.370139 0.225781 0.098611
2 0.622266 0.490278 0.228906 0.086111
2 0.620313 0.632639 0.218750 0.095833
2 0.616016 0.739583 0.228906 0.104167
2 0.617969 0.848611 0.225000 0.094444
2 0.613281 0.954167 0.225000 0.091667
2 0.861719 0.956250 0.235938 0.087500
2 0.866406 0.851389 0.228125 0.102778
2 0.863672 0.740278 0.235156 0.094444
2 0.869141 0.633333 0.235156 0.108333
2 0.872266 0.487500 0.227344 0.111111
2 0.873438 0.370833 0.228125 0.097222
2 0.878125 0.263194 0.228125 0.093056
2 0.871484 0.147222 0.239844 0.102778
2 0.875781 0.039583 0.223438 0.070833
