1 0.501953 0.551389 0.030469 0.041667
1 0.723437 0.587500 0.034375 0.041667
1 0.611328 0.750694 0.022656 0.026389
1 0.543750 0.198611 0.028125 0.038889
1 0.778125 0.198611 0.031250 0.036111
1 0.787500 0.104861 0.026563 0.031944
1 0.549219 0.109722 0.031250 0.041667
2 0.562109 0.112500 0.202344 0.072222
2 0.792578 0.109722 0.238281 0.088889
2 0.687109 0.198611 0.430469 0.086111
2 0.518359 0.549306 0.200781 0.093056
2 0.725000 0.583333 0.212500 0.113889
2 0.703906 0.761111 0.196875 0.252778
2 0.505859 0.727778 0.182031 0.238889
1 0.369531 0.469444 0.034375 0.052778
2 0.225000 0.434028 0.342187 0.693056
