1 0.633203 0.621528 0.019531 0.026389
1 0.687500 0.615972 0.017188 0.023611
1 0.682031 0.567361 0.017188 0.020833
1 0.628906 0.568750 0.014062 0.023611
1 0.626172 0.670139 0.011719 0.020833
1 0.682422 0.659028 0.014844 0.029167
1 0.851562 0.565972 0.014062 0.026389
0 0.821094 0.522917 0.095312 0.395833
1 0.283203 0.620139 0.022656 0.045833
1 0.310547 0.568750 0.019531 0.034722
1 0.291797 0.720139 0.016406 0.043056
1 0.317578 0.640972 0.013281 0.037500
1 0.287891 0.814583 0.021094 0.043056
1 0.318359 0.713194 0.016406 0.029167
1 0.300391 0.901389 0.021094 0.050000
1 0.327734 0.778472 0.014844 0.031944
2 0.629687 0.570139 0.054688 0.037500
2 0.679688 0.562500 0.051562 0.044444
2 0.659766 0.616667 0.102344 0.038889
2 0.652344 0.664583 0.093750 0.037500
2 0.292969 0.601389 0.060938 0.108333
2 0.296875 0.706944 0.065625 0.138889
2 0.305859 0.867361 0.066406 0.165278
2 0.625391 0.431944 0.044531 0.188889
2 0.675391 0.437500 0.042969 0.175000
0 0.817969 0.528472 0.085938 0.401389
1 0.121875 0.966667 0.039062 0.038889
