1 0.379687 0.600694 0.018750 0.059722
1 0.285156 0.622222 0.017188 0.055556
1 0.249609 0.629861 0.019531 0.065278
1 0.840234 0.518056 0.042969 0.041667
0 0.905078 0.532639 0.189844 0.870833
3 0.540625 0.322917 0.104687 0.181944
3 0.546875 0.570833 0.107813 0.325000
1 0.542188 0.416667 0.109375 0.041667
1 0.616797 0.528472 0.013281 0.045833
1 0.632812 0.262500 0.007812 0.036111
1 0.646094 0.262500 0.012500 0.038889
1 0.722656 0.495833 0.014062 0.052778
1 0.668359 0.508333 0.085156 0.041667
2 0.616016 0.240972 0.046094 0.104167
2 0.658594 0.243750 0.045313 0.101389
2 0.728906 0.529861 0.043750 0.145833
2 0.608984 0.580556 0.019531 0.166667
2 0.421875 0.656250 0.112500 0.193056
2 0.317578 0.702083 0.096094 0.245833
2 0.224219 0.656944 0.076563 0.125000
