1 0.483203 0.353472 0.057031 0.229167
1 0.476562 0.587500 0.045313 0.186111
3 0.324609 0.338194 0.427344 0.240278
3 0.337109 0.686806 0.391406 0.545833
1 0.616797 0.779167 0.024219 0.061111
2 0.669141 0.840972 0.136719 0.195833
1 0.676172 0.707639 0.028906 0.023611
2 0.685938 0.710417 0.160938 0.081944
1 0.761328 0.218056 0.024219 0.069444
1 0.858984 0.257639 0.074219 0.037500
1 0.425000 0.054167 0.026563 0.055556
1 0.494141 0.042361 0.038281 0.059722
2 0.353906 0.047917 0.168750 0.073611
2 0.589453 0.041667 0.261719 0.080556
2 0.768750 0.168750 0.064062 0.237500
2 0.878906 0.189583 0.110937 0.223611
