1 0.711328 0.494444 0.019531 0.033333
1 0.832812 0.515278 0.017188 0.036111
1 0.832812 0.587500 0.015625 0.033333
1 0.827734 0.657639 0.017969 0.031944
1 0.825781 0.723611 0.018750 0.036111
1 0.825781 0.788889 0.012500 0.030556
1 0.712891 0.746528 0.016406 0.029167
1 0.713672 0.682639 0.014844 0.026389
1 0.710938 0.620833 0.017188 0.027778
1 0.712500 0.556944 0.017188 0.030556
2 0.773828 0.504167 0.144531 0.069444
2 0.771875 0.564583 0.146875 0.095833
2 0.773828 0.631250 0.153906 0.073611
2 0.771875 0.694444 0.151562 0.088889
2 0.772656 0.772917 0.148438 0.112500
