2 0.858594 0.810417 0.037500 0.037500
2 0.860547 0.850694 0.039844 0.059722
2 0.860937 0.887500 0.043750 0.061111
2 0.239063 0.718750 0.025000 0.037500
2 0.261328 0.706250 0.032031 0.029167
2 0.252734 0.742361 0.039844 0.048611
2 0.255859 0.777778 0.044531 0.041667
2 0.248047 0.820833 0.057031 0.055556
1 0.237891 0.831250 0.010156 0.029167
1 0.261328 0.805556 0.019531 0.030556
1 0.239063 0.719444 0.015625 0.038889
1 0.262500 0.708333 0.012500 0.030556
1 0.236719 0.755556 0.017188 0.027778
1 0.266406 0.740972 0.017188 0.029167
1 0.268750 0.772917 0.010937 0.031944
1 0.239453 0.789583 0.013281 0.026389
1 0.852344 0.812500 0.018750 0.030556
1 0.849219 0.850694 0.018750 0.031944
1 0.851953 0.890972 0.019531 0.015278
