1 0.437109 0.391667 0.036719 0.033333
1 0.634766 0.406250 0.033594 0.023611
2 0.451953 0.390972 0.141406 0.070833
2 0.645312 0.411111 0.173438 0.077778
1 0.518359 0.581944 0.080469 0.033333
1 0.519531 0.656944 0.076563 0.044444
1 0.524219 0.731944 0.071875 0.044444
2 0.533203 0.762500 0.288281 0.111111
2 0.530859 0.689583 0.292969 0.115278
2 0.527344 0.615972 0.306250 0.106944
1 0.451562 0.819444 0.029687 0.025000
1 0.609375 0.861806 0.032812 0.029167
1 0.450391 0.933333 0.028906 0.030556
1 0.599609 0.984722 0.021094 0.019444
2 0.533203 0.947917 0.267969 0.098611
2 0.471484 0.820139 0.147656 0.087500
2 0.628516 0.861806 0.144531 0.084722
2 0.271094 0.595139 0.201562 0.293056
2 0.775000 0.701389 0.070312 0.377778
1 0.560156 0.479861 0.064062 0.029167
2 0.569141 0.496528 0.321094 0.093056
