1 0.108594 0.424306 0.025000 0.173611
1 0.087109 0.427778 0.021094 0.169444
3 0.049219 0.535417 0.093750 0.718056
3 0.183984 0.534722 0.175781 0.694444
1 0.382812 0.575000 0.018750 0.030556
1 0.441016 0.638194 0.022656 0.034722
1 0.611719 0.351389 0.020312 0.030556
1 0.981641 0.251389 0.021094 0.038889
1 0.656641 0.638889 0.027344 0.044444
2 0.378906 0.588194 0.139062 0.059722
2 0.382812 0.747222 0.143750 0.261111
2 0.654297 0.659722 0.033594 0.119444
2 0.664062 0.229861 0.128125 0.281944
2 0.916406 0.139583 0.159375 0.248611
1 0.981250 0.386111 0.029687 0.038889
2 0.917188 0.332639 0.165625 0.126389
2 0.531641 0.211111 0.119531 0.250000
2 0.623828 0.811111 0.030469 0.088889
2 0.620313 0.681250 0.026563 0.101389
2 0.268359 0.125000 0.117969 0.072222
2 0.141406 0.109722 0.107813 0.066667
