1 0.342578 0.271528 0.017969 0.031944
1 0.367188 0.268056 0.023438 0.041667
1 0.648047 0.442361 0.017969 0.037500
1 0.677344 0.446528 0.025000 0.037500
1 0.759766 0.675694 0.025781 0.029167
1 0.747656 0.722917 0.020312 0.029167
1 0.769922 0.720833 0.021094 0.022222
2 0.230078 0.163889 0.224219 0.238889
2 0.440234 0.186111 0.188281 0.216667
2 0.610547 0.289583 0.103906 0.318056
2 0.697266 0.294444 0.091406 0.308333
2 0.752734 0.666667 0.164844 0.058333
2 0.710938 0.801389 0.092188 0.186111
2 0.798047 0.786111 0.072656 0.158333
0 0.967188 0.438194 0.060938 0.148611
