1 0.333203 0.845139 0.022656 0.026389
1 0.492578 0.861111 0.025781 0.027778
1 0.494531 0.990972 0.018750 0.018056
1 0.336328 0.979167 0.025781 0.030556
1 0.776953 0.822917 0.030469 0.040278
1 0.129297 0.758333 0.035156 0.022222
1 0.027344 0.750000 0.025000 0.025000
1 0.060547 0.844444 0.014844 0.025000
1 0.092188 0.852083 0.017188 0.023611
2 0.037109 0.754861 0.069531 0.076389
2 0.125391 0.765972 0.099219 0.084722
2 0.224609 0.842361 0.069531 0.229167
2 0.130078 0.894444 0.080469 0.108333
2 0.037891 0.880556 0.067969 0.116667
2 0.419141 0.858333 0.285156 0.100000
2 0.412891 0.959028 0.289844 0.081944
2 0.617969 0.886111 0.068750 0.227778
2 0.778516 0.820833 0.185156 0.091667
2 0.774609 0.943056 0.180469 0.113889
2 0.077344 0.307639 0.118750 0.284722
2 0.205078 0.302778 0.127344 0.280556
2 0.709375 0.300694 0.150000 0.334722
2 0.884375 0.299306 0.150000 0.334722
