1 0.500000 0.522222 0.025000 0.866667
1 0.523047 0.521528 0.017969 0.868056
3 0.444922 0.514583 0.121094 0.884722
3 0.602344 0.514583 0.162500 0.873611
2 0.157422 0.760417 0.146094 0.320833
2 0.305078 0.760417 0.146094 0.315278
2 0.304688 0.545833 0.148438 0.097222
2 0.158203 0.548611 0.146094 0.100000
2 0.759375 0.350000 0.148438 0.436111
2 0.752344 0.738194 0.150000 0.334722
2 0.906641 0.740972 0.142969 0.345833
2 0.905078 0.350000 0.149219 0.430556
2 0.757812 0.070139 0.148438 0.112500
2 0.900781 0.072222 0.146875 0.122222
