3 0.328125 0.490278 0.153125 0.244444
3 0.333594 0.831944 0.156250 0.336111
1 0.262500 0.716667 0.017188 0.069444
1 0.258594 0.583333 0.018750 0.061111
1 0.655078 0.449306 0.013281 0.040278
1 0.635547 0.455556 0.013281 0.030556
1 0.618750 0.666667 0.025000 0.027778
1 0.712500 0.670833 0.039062 0.033333
1 0.654688 0.727778 0.020312 0.041667
1 0.675000 0.734028 0.009375 0.045833
2 0.619531 0.359722 0.050000 0.233333
2 0.672266 0.354861 0.052344 0.240278
2 0.616797 0.670139 0.083594 0.043056
2 0.706641 0.672222 0.072656 0.036111
2 0.615625 0.775694 0.098438 0.159722
2 0.686719 0.776389 0.045313 0.155556
