1 0.677344 0.613889 0.025000 0.213889
1 0.682813 0.372222 0.023438 0.205556
1 0.691406 0.172917 0.009375 0.026389
1 0.708203 0.172917 0.011719 0.026389
1 0.508594 0.242361 0.018750 0.026389
1 0.486328 0.243056 0.019531 0.027778
1 0.561328 0.631250 0.035156 0.045833
1 0.555078 0.704167 0.033594 0.030556
1 0.210938 0.731250 0.010937 0.026389
1 0.188672 0.736806 0.019531 0.031944
1 0.171875 0.131944 0.014062 0.027778
1 0.191016 0.123611 0.016406 0.022222
1 0.389062 0.315972 0.017188 0.026389
3 0.768359 0.365278 0.196094 0.208333
3 0.757422 0.654861 0.197656 0.315278
2 0.116406 0.073611 0.115625 0.141667
2 0.235547 0.082639 0.116406 0.143056
2 0.348047 0.175694 0.097656 0.320833
2 0.448438 0.138194 0.096875 0.234722
2 0.545703 0.138194 0.089844 0.234722
2 0.643750 0.111111 0.106250 0.158333
2 0.749219 0.120833 0.096875 0.161111
2 0.558984 0.624306 0.130469 0.048611
2 0.555859 0.700694 0.125781 0.048611
1 0.618359 0.746528 0.011719 0.029167
2 0.553125 0.815972 0.126563 0.143056
2 0.258203 0.838194 0.122656 0.254167
2 0.145313 0.853472 0.128125 0.251389
