1 0.796484 0.443056 0.014844 0.069444
1 0.796875 0.536806 0.014062 0.106944
3 0.848047 0.418750 0.107031 0.120833
3 0.843750 0.609722 0.101562 0.250000
2 0.089453 0.333333 0.074219 0.158333
2 0.171484 0.336806 0.091406 0.168056
2 0.260938 0.340278 0.085938 0.161111
2 0.337109 0.340278 0.069531 0.138889
2 0.566797 0.347917 0.046094 0.129167
2 0.616016 0.361111 0.039844 0.122222
2 0.657031 0.364583 0.040625 0.115278
2 0.697656 0.323611 0.043750 0.052778
2 0.741016 0.317361 0.047656 0.059722
2 0.781641 0.353472 0.027344 0.123611
2 0.855469 0.309028 0.073437 0.040278
2 0.923047 0.304861 0.071094 0.051389
2 0.101953 0.656250 0.060156 0.115278
2 0.178906 0.650000 0.065625 0.119444
2 0.251953 0.650694 0.063281 0.106944
2 0.320703 0.637500 0.057031 0.111111
2 0.758984 0.625694 0.057031 0.120833
