1 0.571094 0.281944 0.010937 0.091667
1 0.561719 0.285417 0.015625 0.087500
1 0.508594 0.285417 0.006250 0.081944
1 0.501562 0.290972 0.010937 0.079167
1 0.349219 0.464583 0.023438 0.020833
2 0.587500 0.199306 0.037500 0.281944
2 0.551953 0.209722 0.035156 0.275000
2 0.528516 0.215278 0.028906 0.241667
2 0.499219 0.216667 0.026563 0.227778
2 0.398438 0.221528 0.028125 0.193056
2 0.380469 0.227083 0.015625 0.184722
2 0.339453 0.532639 0.011719 0.123611
2 0.353516 0.545833 0.014844 0.122222
2 0.350781 0.468056 0.032812 0.041667
2 0.379297 0.531944 0.025781 0.075000
2 0.410937 0.535417 0.028125 0.068056
3 0.281250 0.503472 0.032812 0.587500
2 0.982813 0.443750 0.026563 0.087500
2 0.982422 0.327083 0.035156 0.109722
2 0.635156 0.189583 0.054688 0.279167
