1 0.153125 0.565972 0.031250 0.123611
1 0.183594 0.565278 0.031250 0.119444
1 0.835938 0.468750 0.031250 0.037500
1 0.485938 0.565278 0.012500 0.077778
1 0.499219 0.554861 0.017188 0.076389
1 0.368750 0.604167 0.057813 0.047222
1 0.370703 0.732639 0.057031 0.031944
1 0.380078 0.897222 0.044531 0.041667
1 0.514063 0.456944 0.026563 0.022222
1 0.675000 0.418056 0.015625 0.025000
0 0.654297 0.410417 0.042969 0.468056
0 0.565625 0.422917 0.051562 0.590278
0 0.897266 0.429861 0.136719 0.593056
2 0.213672 0.509722 0.089844 0.919444
2 0.367578 0.602083 0.111719 0.079167
2 0.366406 0.725694 0.106250 0.123611
2 0.375000 0.886111 0.096875 0.119444
2 0.455469 0.710417 0.059375 0.323611
2 0.517969 0.667361 0.045313 0.309722
