1 0.358594 0.385417 0.025000 0.151389
1 0.377734 0.387500 0.019531 0.161111
1 0.369531 0.528472 0.115625 0.048611
3 0.329688 0.382639 0.081250 0.245833
3 0.402734 0.380556 0.064844 0.233333
3 0.360938 0.572222 0.148438 0.125000
1 0.184766 0.234028 0.017969 0.045833
1 0.212891 0.241667 0.014844 0.030556
1 0.163281 0.629167 0.034375 0.025000
1 0.239453 0.608333 0.039844 0.019444
2 0.203516 0.611806 0.138281 0.068056
1 0.197656 0.431250 0.117188 0.031944
1 0.198047 0.345833 0.100781 0.033333
2 0.153906 0.209028 0.085938 0.106944
2 0.240234 0.212500 0.075781 0.100000
2 0.451953 0.277083 0.035156 0.143056
2 0.495703 0.276389 0.041406 0.136111
2 0.539453 0.272222 0.041406 0.127778
2 0.576563 0.296528 0.031250 0.098611
2 0.483203 0.463194 0.058594 0.023611
2 0.538281 0.447917 0.028125 0.023611
2 0.481641 0.490972 0.053906 0.029167
2 0.463281 0.531944 0.028125 0.019444
2 0.469141 0.567361 0.036719 0.029167
