1 0.453516 0.247222 0.007031 0.230556
1 0.468359 0.248611 0.007031 0.208333
3 0.432813 0.237500 0.031250 0.275000
3 0.477734 0.254861 0.036719 0.254167
1 0.091016 0.532639 0.074219 0.934722
3 0.224609 0.517361 0.274219 0.965278
1 0.599219 0.609028 0.121875 0.056944
1 0.575000 0.820833 0.110937 0.052778
2 0.593359 0.702778 0.111719 0.180556
2 0.575781 0.888194 0.103125 0.145833
2 0.556641 0.188889 0.028906 0.338889
2 0.464453 0.061111 0.082031 0.102778
2 0.694141 0.231250 0.030469 0.234722
2 0.385938 0.035417 0.028125 0.070833
