1 0.851562 0.613889 0.029687 0.130556
2 0.678906 0.582639 0.387500 0.159722
2 0.356250 0.510417 0.246875 0.112500
2 0.152734 0.541667 0.135156 0.188889
1 0.201953 0.538194 0.027344 0.037500
2 0.362500 0.815278 0.229687 0.230556
1 0.469141 0.544444 0.017969 0.086111
1 0.466406 0.868056 0.032812 0.183333
1 0.817969 0.938194 0.023438 0.123611
1 0.628906 0.280556 0.025000 0.102778
1 0.860937 0.276389 0.029687 0.119444
2 0.383984 0.120139 0.192969 0.098611
2 0.566406 0.135417 0.156250 0.076389
2 0.464063 0.265972 0.315625 0.154167
2 0.750781 0.268056 0.243750 0.133333
