1 0.625391 0.392361 0.138281 0.059722
1 0.608594 0.614583 0.117188 0.056944
1 0.598828 0.780556 0.099219 0.041667
1 0.596875 0.902778 0.089062 0.038889
1 0.285937 0.698611 0.095312 0.036111
1 0.244922 0.547917 0.107031 0.045833
1 0.193359 0.351389 0.125781 0.038889
2 0.200781 0.300694 0.300000 0.209722
2 0.239844 0.513194 0.281250 0.165278
2 0.285156 0.677083 0.212500 0.112500
2 0.619531 0.331250 0.396875 0.234722
2 0.617188 0.562500 0.331250 0.194444
2 0.602734 0.743750 0.269531 0.145833
2 0.612891 0.889583 0.222656 0.129167
