1 0.398047 0.724306 0.039844 0.029167
1 0.402344 0.775000 0.032812 0.027778
1 0.400781 0.823611 0.029687 0.027778
1 0.405078 0.886111 0.035156 0.030556
1 0.537109 0.921528 0.038281 0.031944
1 0.547266 0.871528 0.036719 0.029167
1 0.541797 0.805556 0.036719 0.033333
1 0.657812 0.875694 0.035937 0.031944
1 0.641406 0.836111 0.021875 0.027778
2 0.403516 0.725694 0.080469 0.051389
2 0.403125 0.772917 0.081250 0.054167
2 0.410156 0.818750 0.062500 0.048611
2 0.408594 0.875000 0.076563 0.058333
2 0.546484 0.802778 0.078906 0.044444
2 0.554297 0.857639 0.072656 0.070833
2 0.542969 0.916667 0.068750 0.058333
2 0.651953 0.834028 0.083594 0.051389
2 0.663281 0.888194 0.090625 0.062500
2 0.650391 0.970139 0.077344 0.059722
