1 0.523438 0.314583 0.042188 0.062500
1 0.579687 0.320139 0.042188 0.054167
1 0.745313 0.711111 0.042188 0.061111
1 0.735547 0.836806 0.032031 0.051389
1 0.724219 0.958333 0.045313 0.058333
1 0.335547 0.953472 0.042969 0.045833
1 0.332422 0.832639 0.033594 0.043056
1 0.337500 0.711111 0.042188 0.055556
2 0.343750 0.313194 0.387500 0.581944
2 0.755469 0.333333 0.362500 0.588889
2 0.745313 0.710417 0.371875 0.123611
2 0.742969 0.845139 0.337500 0.101389
2 0.730859 0.947222 0.330469 0.105556
2 0.336328 0.701389 0.375781 0.122222
2 0.343750 0.827083 0.357812 0.101389
2 0.346484 0.949306 0.333594 0.101389
