3 0.262891 0.231944 0.091406 0.286111
3 0.279297 0.628472 0.071094 0.412500
1 0.615234 0.718056 0.017969 0.097222
1 0.635156 0.714583 0.015625 0.076389
1 0.825391 0.554861 0.058594 0.034722
1 0.643750 0.557639 0.054688 0.037500
1 0.147266 0.854861 0.025781 0.037500
1 0.171094 0.942361 0.026563 0.045833
2 0.136328 0.859028 0.078906 0.112500
2 0.160156 0.932639 0.082813 0.118056
2 0.579297 0.707639 0.083594 0.218056
2 0.669141 0.701389 0.091406 0.197222
2 0.631250 0.558333 0.171875 0.027778
2 0.822266 0.560417 0.191406 0.051389
2 0.766797 0.670139 0.082031 0.201389
2 0.855859 0.679861 0.074219 0.209722
1 0.825781 0.702778 0.015625 0.086111
1 0.802344 0.701389 0.017188 0.083333
