2 0.175781 0.216667 0.118750 0.297222
1 0.221094 0.342361 0.023438 0.043056
1 0.246484 0.343056 0.017969 0.041667
2 0.303516 0.215278 0.116406 0.297222
1 0.438281 0.152778 0.025000 0.033333
2 0.457422 0.102083 0.182031 0.118056
1 0.148438 0.669444 0.045313 0.038889
1 0.312109 0.662500 0.024219 0.041667
1 0.430469 0.717361 0.168750 0.054167
2 0.268359 0.784722 0.133594 0.325000
2 0.139062 0.799306 0.093750 0.343056
2 0.046484 0.834722 0.082031 0.330556
2 0.642969 0.106250 0.128125 0.151389
2 0.785156 0.111111 0.134375 0.161111
3 0.792969 0.634722 0.414062 0.730556
1 0.859375 0.297222 0.278125 0.086111
