1 0.653906 0.509028 0.029687 0.312500
3 0.756641 0.544444 0.207031 0.472222
3 0.751953 0.871528 0.211719 0.256944
2 0.257812 0.329167 0.073437 0.194444
2 0.713672 0.214583 0.107031 0.131944
2 0.835938 0.194444 0.142188 0.155556
1 0.746484 0.252778 0.019531 0.041667
1 0.773438 0.256250 0.017188 0.034722
2 0.631250 0.266667 0.051562 0.136111
2 0.092188 0.702778 0.056250 0.200000
2 0.165625 0.693056 0.087500 0.211111
2 0.246875 0.584028 0.060938 0.037500
2 0.248437 0.625694 0.051562 0.056944
2 0.243359 0.668056 0.042969 0.038889
