1 0.623828 0.183333 0.038281 0.027778
1 0.799219 0.179861 0.056250 0.037500
1 0.789453 0.287500 0.050781 0.041667
1 0.625000 0.285417 0.037500 0.023611
1 0.630469 0.372917 0.045313 0.029167
1 0.791016 0.390972 0.046094 0.029167
1 0.278125 0.506944 0.023438 0.047222
1 0.086328 0.248611 0.022656 0.027778
1 0.085547 0.188889 0.021094 0.030556
1 0.083984 0.125000 0.016406 0.036111
1 0.241406 0.154167 0.023438 0.033333
1 0.244141 0.222222 0.027344 0.030556
1 0.239453 0.273611 0.027344 0.033333
2 0.170703 0.147917 0.213281 0.081944
2 0.168750 0.202778 0.204688 0.069444
2 0.171094 0.261806 0.200000 0.084722
2 0.166797 0.519444 0.244531 0.494444
2 0.727734 0.188194 0.261719 0.056944
2 0.721094 0.280556 0.284375 0.083333
2 0.723437 0.372917 0.285937 0.106944
2 0.635938 0.568056 0.148438 0.280556
2 0.793750 0.605556 0.164062 0.300000
