1 0.305469 0.328472 0.043750 0.037500
1 0.518359 0.340972 0.042969 0.037500
1 0.735547 0.338889 0.039844 0.036111
1 0.726562 0.455556 0.031250 0.047222
1 0.728906 0.572917 0.026563 0.031944
1 0.721094 0.687500 0.031250 0.036111
1 0.719922 0.794444 0.025781 0.036111
1 0.309766 0.451389 0.032031 0.030556
1 0.309375 0.562500 0.032812 0.038889
1 0.312891 0.684028 0.033594 0.043056
1 0.317578 0.793056 0.033594 0.036111
2 0.521484 0.456944 0.611719 0.111111
2 0.728906 0.338889 0.204688 0.130556
2 0.521484 0.337500 0.200781 0.125000
2 0.311328 0.336111 0.203906 0.113889
2 0.518750 0.576389 0.604688 0.108333
2 0.523828 0.693056 0.585156 0.097222
2 0.525000 0.799306 0.554688 0.106944
