1 0.604297 0.403472 0.071094 0.059722
1 0.602344 0.497917 0.067188 0.045833
1 0.594531 0.590972 0.065625 0.045833
1 0.778125 0.538889 0.032812 0.038889
1 0.974609 0.453472 0.050781 0.051389
1 0.962109 0.545139 0.075781 0.059722
1 0.952344 0.639583 0.067188 0.045833
2 0.607422 0.399306 0.172656 0.081944
2 0.601562 0.494444 0.159375 0.086111
2 0.607813 0.586806 0.142188 0.087500
2 0.785937 0.521528 0.139062 0.287500
2 0.944922 0.460417 0.110156 0.090278
2 0.942187 0.552778 0.115625 0.086111
2 0.936328 0.632639 0.127344 0.076389
