1 0.153906 0.496528 0.034375 0.248611
1 0.179297 0.500694 0.024219 0.226389
3 0.113672 0.493056 0.110156 0.294444
3 0.203516 0.485417 0.069531 0.265278
3 0.157422 0.715972 0.178906 0.126389
1 0.163281 0.659028 0.167187 0.037500
3 0.360547 0.780556 0.066406 0.269444
1 0.353906 0.672917 0.065625 0.054167
0 0.951172 0.502083 0.067969 0.229167
2 0.817578 0.354861 0.064844 0.170833
2 0.816406 0.518750 0.062500 0.123611
2 0.819922 0.646528 0.064844 0.123611
2 0.746484 0.349306 0.049219 0.145833
2 0.692578 0.359722 0.047656 0.136111
2 0.100000 0.234028 0.104687 0.184722
2 0.198437 0.270139 0.078125 0.148611
2 0.270312 0.359722 0.045313 0.177778
2 0.320312 0.375000 0.051562 0.172222
2 0.292969 0.634722 0.060938 0.050000
2 0.291797 0.703472 0.060156 0.051389
2 0.306641 0.586806 0.088281 0.031944
1 0.373437 0.573611 0.040625 0.025000
2 0.480469 0.387500 0.025000 0.122222
2 0.505859 0.397222 0.024219 0.116667
2 0.539844 0.388194 0.040625 0.131944
2 0.575781 0.400000 0.021875 0.122222
2 0.608203 0.372222 0.024219 0.066667
2 0.644141 0.366667 0.032031 0.088889
1 0.731250 0.474306 0.096875 0.034722
1 0.727344 0.559028 0.092188 0.043056
