1 0.472656 0.575694 0.028125 0.370833
1 0.497656 0.564583 0.029687 0.359722
1 0.769922 0.301389 0.013281 0.038889
1 0.785156 0.299306 0.015625 0.034722
1 0.784375 0.682639 0.012500 0.026389
1 0.767187 0.680556 0.015625 0.033333
1 0.339453 0.718056 0.025781 0.019444
1 0.318359 0.425000 0.016406 0.025000
1 0.234766 0.427083 0.010156 0.029167
1 0.267578 0.823611 0.013281 0.030556
1 0.277344 0.733333 0.012500 0.030556
1 0.189844 0.915972 0.014062 0.040278
2 0.725781 0.672222 0.092188 0.644444
2 0.823047 0.550000 0.085156 0.408333
2 0.832422 0.233333 0.097656 0.194444
2 0.725391 0.228472 0.105469 0.204167
2 0.343359 0.312500 0.066406 0.233333
2 0.251563 0.315972 0.064062 0.254167
2 0.191406 0.306250 0.046875 0.295833
2 0.158203 0.950694 0.072656 0.098611
2 0.223047 0.913889 0.057031 0.172222
2 0.280469 0.886111 0.043750 0.222222
2 0.276172 0.727083 0.035156 0.054167
2 0.326953 0.706944 0.067969 0.072222
2 0.348828 0.871528 0.077344 0.234722
3 0.435937 0.646528 0.114063 0.706944
3 0.570703 0.651389 0.157031 0.697222
