1 0.677734 0.487500 0.027344 0.269444
1 0.678906 0.228472 0.021875 0.184722
3 0.844922 0.169444 0.308594 0.225000
3 0.841797 0.661111 0.316406 0.663889
1 0.546875 0.231944 0.017188 0.044444
1 0.534766 0.234722 0.011719 0.036111
1 0.439063 0.322222 0.010937 0.030556
1 0.426172 0.331944 0.010156 0.030556
1 0.455469 0.630556 0.021875 0.055556
1 0.468359 0.624306 0.017969 0.056944
1 0.401563 0.601389 0.023438 0.013889
1 0.401563 0.650694 0.023438 0.018056
1 0.401953 0.720139 0.032031 0.023611
1 0.402344 0.551389 0.018750 0.022222
1 0.374219 0.601389 0.012500 0.047222
1 0.371484 0.537500 0.021094 0.013889
1 0.316016 0.534028 0.030469 0.015278
1 0.293750 0.588194 0.014062 0.037500
1 0.064062 0.295139 0.012500 0.045833
1 0.163672 0.219444 0.010156 0.052778
1 0.187500 0.223611 0.017188 0.044444
1 0.273828 0.330556 0.013281 0.027778
1 0.067969 0.602083 0.017188 0.043056
1 0.040625 0.542361 0.035937 0.018056
2 0.048047 0.222222 0.039844 0.219444
2 0.126563 0.179861 0.084375 0.123611
2 0.217187 0.197222 0.084375 0.119444
2 0.322656 0.254167 0.112500 0.191667
2 0.412109 0.260417 0.044531 0.190278
2 0.463281 0.247917 0.054688 0.190278
2 0.520312 0.197917 0.050000 0.151389
2 0.578125 0.172222 0.064062 0.186111
2 0.646484 0.172222 0.061719 0.244444
2 0.494141 0.700000 0.049219 0.202778
2 0.442578 0.684028 0.035156 0.190278
2 0.403516 0.546528 0.022656 0.026389
2 0.402344 0.602778 0.026563 0.041667
2 0.404687 0.652778 0.031250 0.052778
2 0.399609 0.713889 0.024219 0.066667
2 0.369141 0.654167 0.024219 0.158333
2 0.371875 0.536111 0.023438 0.030556
2 0.312891 0.533333 0.052344 0.038889
2 0.312109 0.646528 0.049219 0.159722
2 0.043359 0.668750 0.052344 0.181944
2 0.041016 0.534028 0.049219 0.029167
