1 0.109375 0.375000 0.065625 0.216667
1 0.200391 0.388889 0.082031 0.255556
1 0.115234 0.527083 0.052344 0.079167
1 0.206250 0.590972 0.064062 0.068056
1 0.125000 0.702083 0.068750 0.234722
1 0.221094 0.727083 0.054688 0.179167
1 0.547656 0.287500 0.565625 0.055556
1 0.557422 0.345833 0.378906 0.052778
1 0.789062 0.334028 0.060938 0.045833
1 0.548828 0.395139 0.569531 0.034722
1 0.553516 0.452778 0.375781 0.033333
1 0.782812 0.445139 0.067188 0.037500
1 0.576172 0.500694 0.332031 0.043056
1 0.785156 0.495833 0.078125 0.052778
1 0.580469 0.567361 0.318750 0.054167
1 0.784766 0.563194 0.083594 0.051389
1 0.580469 0.628472 0.321875 0.059722
1 0.785547 0.618750 0.066406 0.068056
1 0.537500 0.680556 0.365625 0.061111
1 0.782031 0.679167 0.096875 0.069444
1 0.536328 0.740278 0.377344 0.069444
1 0.785937 0.742361 0.110937 0.073611
1 0.540234 0.807639 0.371094 0.048611
1 0.791406 0.809028 0.115625 0.070833
