1 0.796875 0.669444 0.078125 0.075000
1 0.798047 0.799306 0.083594 0.095833
1 0.801562 0.912500 0.076563 0.091667
1 0.591406 0.778472 0.031250 0.098611
1 0.810156 0.147917 0.042188 0.154167
1 0.591406 0.045833 0.021875 0.080556
1 0.462891 0.413889 0.017969 0.080556
1 0.461328 0.568750 0.025781 0.031944
1 0.461328 0.640972 0.025781 0.037500
1 0.463672 0.711111 0.039844 0.047222
2 0.439453 0.420139 0.050781 0.273611
2 0.489062 0.415278 0.057813 0.288889
2 0.468750 0.602083 0.096875 0.084722
2 0.464844 0.663194 0.098438 0.090278
2 0.467969 0.770139 0.085938 0.165278
2 0.545313 0.757639 0.062500 0.345833
2 0.632812 0.794444 0.095312 0.358333
2 0.838281 0.721528 0.295312 0.162500
2 0.838672 0.855556 0.274219 0.208333
2 0.808984 0.920139 0.258594 0.159722
2 0.883203 0.346528 0.166406 0.659722
2 0.743359 0.338194 0.128906 0.606944
2 0.628125 0.110417 0.081250 0.198611
2 0.552734 0.105556 0.067969 0.197222
