1 0.059375 0.197917 0.028125 0.020833
1 0.059375 0.320833 0.014062 0.033333
1 0.062891 0.435417 0.021094 0.029167
1 0.178125 0.438194 0.021875 0.023611
1 0.178906 0.493750 0.012500 0.018056
1 0.320703 0.434722 0.017969 0.013889
1 0.321094 0.316667 0.020312 0.027778
1 0.322656 0.200694 0.017188 0.029167
1 0.320312 0.086806 0.020312 0.015278
1 0.466406 0.376389 0.018750 0.022222
1 0.464844 0.431944 0.020312 0.027778
1 0.463672 0.493750 0.017969 0.020833
1 0.583594 0.381944 0.014062 0.016667
1 0.580469 0.440278 0.017188 0.022222
1 0.582422 0.496528 0.025781 0.029167
1 0.699219 0.439583 0.026563 0.020833
1 0.703906 0.501389 0.020312 0.019444
1 0.789453 0.320833 0.019531 0.016667
1 0.808594 0.265972 0.015625 0.018056
1 0.811328 0.212500 0.016406 0.022222
1 0.891016 0.379167 0.017969 0.030556
1 0.887891 0.440972 0.017969 0.020833
1 0.981250 0.383333 0.014062 0.025000
1 0.981250 0.444444 0.018750 0.033333
1 0.983594 0.498611 0.015625 0.022222
2 0.062500 0.230556 0.089062 0.116667
2 0.064062 0.347222 0.071875 0.116667
2 0.059766 0.463889 0.080469 0.105556
2 0.178125 0.439583 0.134375 0.059722
2 0.178125 0.500000 0.131250 0.050000
2 0.324219 0.454861 0.137500 0.118056
2 0.321484 0.343056 0.136719 0.111111
2 0.324219 0.229167 0.137500 0.111111
2 0.322266 0.118750 0.138281 0.106944
2 0.433594 0.376389 0.084375 0.052778
2 0.433984 0.434028 0.080469 0.045833
2 0.435156 0.490278 0.084375 0.047222
2 0.552344 0.495139 0.137500 0.048611
2 0.549219 0.435417 0.139062 0.059722
2 0.554297 0.379861 0.147656 0.051389
2 0.701953 0.441667 0.132031 0.058333
2 0.703906 0.497222 0.131250 0.063889
2 0.812500 0.404167 0.065625 0.230556
2 0.808984 0.261806 0.061719 0.051389
2 0.808984 0.210417 0.057031 0.048611
2 0.889453 0.381250 0.077344 0.062500
2 0.900000 0.469444 0.070312 0.108333
2 0.969922 0.379167 0.060156 0.061111
2 0.970312 0.441667 0.059375 0.055556
2 0.972656 0.502778 0.054688 0.058333
