3 0.151562 0.447917 0.140625 0.168056
1 0.152734 0.540972 0.102344 0.048611
3 0.159766 0.713889 0.136719 0.325000
1 0.413281 0.588194 0.010937 0.043056
1 0.435156 0.586806 0.012500 0.056944
1 0.569141 0.612500 0.014844 0.047222
1 0.583203 0.609028 0.014844 0.037500
1 0.547656 0.558333 0.015625 0.019444
1 0.609766 0.557639 0.035156 0.026389
1 0.878516 0.302778 0.016406 0.055556
1 0.851172 0.305556 0.013281 0.044444
1 0.708984 0.306944 0.014844 0.044444
1 0.694922 0.312500 0.011719 0.038889
1 0.594141 0.315278 0.014844 0.033333
1 0.584375 0.314583 0.009375 0.031944
2 0.563672 0.262500 0.041406 0.161111
2 0.612500 0.259722 0.054688 0.155556
2 0.671094 0.245139 0.065625 0.187500
2 0.733203 0.245139 0.077344 0.187500
2 0.818359 0.233333 0.086719 0.222222
2 0.925391 0.229861 0.119531 0.254167
2 0.392969 0.656250 0.056250 0.206944
2 0.469141 0.651389 0.078906 0.200000
2 0.544531 0.556944 0.060938 0.044444
2 0.599609 0.545139 0.049219 0.048611
2 0.551562 0.625694 0.046875 0.090278
2 0.607031 0.611806 0.059375 0.084722
