1 0.358203 0.642361 0.016406 0.370833
1 0.369531 0.645833 0.017188 0.358333
3 0.328906 0.648611 0.051562 0.394444
3 0.412500 0.650694 0.098438 0.373611
1 0.506250 0.656250 0.025000 0.031944
2 0.366797 0.356944 0.072656 0.130556
2 0.436328 0.360417 0.063281 0.131944
2 0.515625 0.412500 0.076563 0.208333
2 0.596484 0.414583 0.074219 0.198611
2 0.646094 0.336111 0.026563 0.202778
2 0.678125 0.318750 0.042188 0.229167
2 0.965625 0.338194 0.068750 0.587500
1 0.919141 0.573611 0.028906 0.047222
2 0.504687 0.747222 0.059375 0.141667
2 0.505859 0.654167 0.066406 0.033333
