1 0.639063 0.724306 0.031250 0.037500
1 0.666406 0.725694 0.021875 0.031944
1 0.896875 0.669444 0.021875 0.033333
1 0.912109 0.668750 0.017969 0.020833
1 0.948438 0.612500 0.017188 0.025000
1 0.864062 0.628472 0.018750 0.026389
1 0.270312 0.783333 0.025000 0.033333
1 0.245703 0.785417 0.019531 0.029167
1 0.340625 0.705556 0.021875 0.027778
1 0.157031 0.728472 0.028125 0.029167
1 0.149219 0.574306 0.029687 0.029167
1 0.230859 0.500000 0.019531 0.027778
1 0.885938 0.513194 0.015625 0.023611
2 0.132812 0.316667 0.215625 0.388889
2 0.134375 0.565278 0.192188 0.088889
2 0.168359 0.732639 0.161719 0.068056
2 0.331250 0.704167 0.165625 0.069444
2 0.332031 0.865278 0.151562 0.191667
2 0.180078 0.884722 0.147656 0.200000
2 0.587109 0.842361 0.114844 0.243056
2 0.703125 0.817361 0.096875 0.231944
2 0.861328 0.761806 0.085156 0.201389
2 0.936719 0.734722 0.059375 0.188889
2 0.944141 0.604167 0.072656 0.047222
2 0.856250 0.621528 0.082813 0.043056
2 0.874609 0.509028 0.075781 0.051389
2 0.876562 0.327778 0.092188 0.261111
