1 0.728906 0.223611 0.035937 0.288889
1 0.723828 0.464583 0.033594 0.187500
3 0.856250 0.204167 0.282813 0.319444
3 0.848828 0.610417 0.266406 0.470833
1 0.597266 0.536806 0.042969 0.031944
1 0.416406 0.539583 0.048437 0.029167
1 0.469141 0.153472 0.027344 0.065278
1 0.497656 0.163194 0.029687 0.051389
2 0.400000 0.088889 0.148438 0.166667
2 0.568750 0.095139 0.167187 0.181944
2 0.590234 0.535417 0.136719 0.037500
2 0.598047 0.687500 0.152344 0.225000
2 0.414062 0.531944 0.184375 0.052778
2 0.432813 0.687500 0.160938 0.233333
