3 0.891016 0.502083 0.088281 0.465278
3 0.808984 0.476389 0.064844 0.450000
1 0.829297 0.452778 0.014844 0.230556
1 0.851172 0.463194 0.022656 0.209722
1 0.444141 0.621528 0.032031 0.029167
1 0.552734 0.590972 0.030469 0.023611
1 0.611719 0.574306 0.025000 0.026389
1 0.685547 0.554167 0.021094 0.027778
2 0.494922 0.606250 0.149219 0.056944
2 0.643750 0.568056 0.125000 0.050000
1 0.162891 0.652083 0.021094 0.023611
2 0.180469 0.650000 0.075000 0.058333
2 0.153125 0.163194 0.053125 0.109722
2 0.208984 0.163194 0.072656 0.109722
2 0.491016 0.265972 0.052344 0.148611
2 0.538281 0.260417 0.039062 0.129167
2 0.542578 0.386806 0.041406 0.081944
2 0.590234 0.255556 0.041406 0.130556
2 0.639453 0.261806 0.055469 0.145833
2 0.700000 0.265278 0.050000 0.150000
2 0.756250 0.285417 0.046875 0.215278
2 0.837109 0.197917 0.078906 0.076389
2 0.923047 0.190278 0.092969 0.077778
1 0.882031 0.209028 0.015625 0.031944
1 0.867578 0.203472 0.019531 0.029167
2 0.746484 0.434722 0.021094 0.027778
2 0.762109 0.436111 0.021094 0.030556
1 0.744922 0.509722 0.017969 0.027778
2 0.723437 0.497917 0.079687 0.037500
