1 0.462109 0.725000 0.124219 0.041667
1 0.458984 0.816667 0.130469 0.044444
1 0.184766 0.616667 0.042969 0.019444
1 0.196094 0.659028 0.040625 0.026389
1 0.203906 0.700000 0.042188 0.022222
1 0.215625 0.747917 0.043750 0.029167
1 0.136719 0.484028 0.026563 0.126389
1 0.164844 0.477083 0.037500 0.129167
1 0.100781 0.590278 0.060938 0.030556
1 0.087500 0.318056 0.020312 0.038889
1 0.107813 0.317361 0.021875 0.037500
1 0.282031 0.334028 0.014062 0.031944
1 0.294922 0.334722 0.019531 0.036111
2 0.047266 0.267361 0.089844 0.143056
2 0.137109 0.255556 0.105469 0.125000
2 0.241406 0.279167 0.090625 0.100000
2 0.309766 0.295833 0.063281 0.072222
3 0.075781 0.461806 0.112500 0.193056
3 0.182812 0.438889 0.107813 0.172222
3 0.092578 0.628472 0.063281 0.098611
2 0.197656 0.623611 0.121875 0.050000
2 0.208984 0.675694 0.119531 0.048611
2 0.208984 0.711806 0.128906 0.059722
2 0.225781 0.761806 0.114063 0.073611
2 0.482031 0.739583 0.378125 0.126389
2 0.500000 0.827083 0.310937 0.145833
