1 0.712500 0.511806 0.025000 0.131944
1 0.710547 0.656944 0.024219 0.138889
2 0.788281 0.518056 0.176563 0.161111
2 0.785937 0.761806 0.171875 0.354167
0 0.230078 0.597917 0.097656 0.490278
1 0.257031 0.663889 0.023438 0.038889
1 0.263281 0.578472 0.018750 0.037500
2 0.364844 0.394444 0.100000 0.186111
2 0.642578 0.401389 0.053906 0.188889
2 0.703906 0.354861 0.057813 0.090278
2 0.772656 0.352778 0.070312 0.097222
2 0.469922 0.796528 0.082031 0.162500
2 0.553516 0.806944 0.078906 0.177778
2 0.635547 0.865278 0.077344 0.058333
2 0.635938 0.790972 0.068750 0.056944
