1 0.761328 0.717361 0.025781 0.037500
1 0.751562 0.869444 0.026563 0.047222
1 0.415234 0.759722 0.025781 0.033333
1 0.445703 0.765972 0.017969 0.034722
1 0.205859 0.846528 0.022656 0.031944
1 0.184766 0.700000 0.019531 0.027778
1 0.169531 0.574306 0.028125 0.023611
2 0.184766 0.556944 0.138281 0.094444
2 0.200391 0.685417 0.135156 0.126389
2 0.211719 0.829861 0.131250 0.145833
2 0.357812 0.820833 0.145313 0.297222
2 0.791797 0.713889 0.189844 0.122222
2 0.782812 0.850000 0.196875 0.141667
2 0.760938 0.969444 0.173438 0.061111
2 0.758203 0.184722 0.396094 0.341667
