1 0.127344 0.180556 0.029687 0.025000
1 0.269922 0.177778 0.025781 0.025000
1 0.273438 0.265972 0.028125 0.020833
1 0.133984 0.261806 0.024219 0.026389
1 0.136719 0.354167 0.031250 0.022222
1 0.274219 0.355556 0.031250 0.022222
1 0.130859 0.504861 0.024219 0.023611
1 0.266406 0.512500 0.021875 0.022222
1 0.406641 0.513889 0.028906 0.025000
1 0.553125 0.518056 0.025000 0.022222
1 0.703906 0.525000 0.026563 0.027778
1 0.700391 0.604861 0.027344 0.023611
1 0.697266 0.686111 0.027344 0.025000
1 0.694922 0.769444 0.024219 0.025000
1 0.550781 0.598611 0.026563 0.027778
1 0.547656 0.677778 0.025000 0.030556
1 0.550781 0.759722 0.026563 0.027778
1 0.133594 0.582639 0.029687 0.020833
1 0.270312 0.590278 0.037500 0.030556
1 0.407031 0.597222 0.031250 0.022222
1 0.405859 0.674306 0.024219 0.029167
1 0.407031 0.749306 0.025000 0.023611
1 0.267969 0.665972 0.021875 0.029167
1 0.271875 0.744444 0.026563 0.030556
1 0.137109 0.658333 0.025781 0.030556
1 0.141406 0.734722 0.031250 0.022222
2 0.129297 0.159722 0.138281 0.072222
2 0.274609 0.160417 0.141406 0.076389
2 0.134375 0.251389 0.135937 0.075000
2 0.276953 0.252778 0.136719 0.077778
2 0.273828 0.334722 0.144531 0.080556
2 0.137109 0.333333 0.125781 0.077778
2 0.135547 0.481944 0.122656 0.077778
1 0.233203 0.440972 0.075781 0.020833
1 0.593359 0.453472 0.078906 0.023611
2 0.239844 0.440278 0.325000 0.036111
2 0.596094 0.450694 0.371875 0.034722
2 0.272266 0.488194 0.135156 0.068056
2 0.410937 0.495139 0.140625 0.079167
2 0.554688 0.495833 0.145313 0.088889
2 0.705469 0.506944 0.157813 0.080556
2 0.139062 0.564583 0.131250 0.081944
2 0.271484 0.568750 0.138281 0.079167
2 0.408594 0.572917 0.142188 0.079167
2 0.553516 0.584722 0.144531 0.080556
2 0.700000 0.586806 0.145313 0.076389
2 0.142188 0.638194 0.129688 0.081944
2 0.148047 0.708333 0.122656 0.072222
2 0.273438 0.720833 0.132812 0.077778
2 0.272656 0.645139 0.134375 0.076389
2 0.409766 0.656944 0.141406 0.083333
2 0.410937 0.726389 0.137500 0.077778
2 0.549219 0.737500 0.143750 0.091667
2 0.550391 0.654861 0.147656 0.081944
2 0.699219 0.669444 0.151562 0.097222
2 0.700000 0.747222 0.154687 0.091667
