1 0.617188 0.399306 0.017188 0.129167
1 0.673047 0.397917 0.014844 0.118056
1 0.766797 0.397222 0.014844 0.125000
1 0.947266 0.623611 0.033594 0.466667
1 0.969531 0.623611 0.026563 0.466667
1 0.589063 0.852778 0.082813 0.055556
1 0.583203 0.960417 0.019531 0.079167
1 0.600391 0.951389 0.022656 0.097222
1 0.688672 0.879861 0.021094 0.095833
1 0.700391 0.766667 0.022656 0.047222
1 0.776563 0.765972 0.062500 0.037500
3 0.891016 0.635417 0.141406 0.729167
3 0.983203 0.632639 0.033594 0.734722
2 0.625000 0.304861 0.050000 0.337500
2 0.700000 0.314583 0.096875 0.323611
2 0.802344 0.312500 0.093750 0.322222
2 0.776953 0.763194 0.082031 0.076389
2 0.770312 0.902083 0.087500 0.195833
2 0.698438 0.913194 0.054688 0.173611
2 0.698828 0.769444 0.041406 0.063889
2 0.562891 0.841667 0.214844 0.080556
2 0.528906 0.959028 0.117188 0.081944
2 0.625000 0.938889 0.092188 0.122222
