1 0.701172 0.388194 0.019531 0.134722
1 0.704687 0.530556 0.018750 0.147222
3 0.812500 0.381250 0.231250 0.173611
3 0.806641 0.643056 0.222656 0.369444
1 0.600391 0.578472 0.019531 0.034722
1 0.600781 0.628472 0.020312 0.031944
1 0.602344 0.695139 0.025000 0.029167
1 0.605078 0.765278 0.019531 0.036111
1 0.412891 0.600000 0.014844 0.027778
1 0.395312 0.595139 0.015625 0.029167
1 0.321094 0.331944 0.020312 0.025000
1 0.419141 0.175694 0.017969 0.026389
1 0.435547 0.177083 0.014844 0.029167
1 0.551953 0.334028 0.014844 0.026389
1 0.810156 0.161806 0.020312 0.034722
1 0.832422 0.155556 0.014844 0.036111
2 0.283594 0.237500 0.104687 0.205556
2 0.380469 0.148611 0.098438 0.069444
2 0.480469 0.144444 0.106250 0.077778
2 0.618750 0.219444 0.160938 0.225000
2 0.766016 0.137500 0.103906 0.088889
2 0.879297 0.131944 0.100781 0.091667
2 0.613672 0.569444 0.149219 0.050000
2 0.607422 0.632639 0.139844 0.054167
2 0.617188 0.694444 0.132812 0.050000
2 0.610937 0.763194 0.134375 0.087500
2 0.460938 0.680556 0.106250 0.188889
2 0.362109 0.673611 0.094531 0.202778
