1 0.150000 0.274306 0.015625 0.090278
1 0.145703 0.168056 0.016406 0.111111
3 0.081250 0.161111 0.143750 0.116667
3 0.086719 0.327083 0.134375 0.204167
2 0.187891 0.313194 0.047656 0.037500
2 0.188672 0.351389 0.050781 0.027778
2 0.188672 0.384028 0.052344 0.037500
2 0.372266 0.331250 0.049219 0.093056
2 0.430469 0.365972 0.051562 0.112500
2 0.491406 0.424306 0.042188 0.118056
2 0.326172 0.323611 0.028906 0.088889
2 0.168750 0.099306 0.053125 0.140278
2 0.224609 0.069444 0.044531 0.075000
2 0.267188 0.064583 0.042188 0.079167
2 0.308594 0.095833 0.032812 0.127778
1 0.240234 0.084722 0.013281 0.027778
1 0.251563 0.086806 0.010937 0.023611
2 0.346484 0.098611 0.042969 0.113889
1 0.142578 0.681944 0.021094 0.119444
1 0.147266 0.781944 0.022656 0.097222
3 0.082031 0.681944 0.134375 0.111111
3 0.089453 0.845139 0.136719 0.195833
1 0.192188 0.675000 0.015625 0.030556
1 0.295312 0.674306 0.010937 0.023611
1 0.238672 0.619444 0.013281 0.025000
1 0.252344 0.623611 0.012500 0.016667
1 0.184766 0.802083 0.017969 0.015278
1 0.182812 0.834722 0.023438 0.019444
1 0.184766 0.870139 0.019531 0.023611
1 0.187109 0.902778 0.019531 0.022222
2 0.170703 0.618750 0.052344 0.143056
2 0.224609 0.595833 0.046094 0.077778
2 0.264062 0.600694 0.040625 0.079167
2 0.300781 0.622222 0.031250 0.122222
2 0.342187 0.626389 0.045313 0.108333
2 0.186328 0.803472 0.049219 0.029167
2 0.184375 0.835417 0.051562 0.034722
2 0.187500 0.865278 0.048437 0.033333
2 0.187109 0.900694 0.055469 0.037500
2 0.323828 0.850000 0.024219 0.100000
2 0.342578 0.850694 0.017969 0.098611
2 0.371484 0.864583 0.033594 0.109722
2 0.406250 0.882639 0.037500 0.120833
2 0.468359 0.903472 0.058594 0.109722
1 0.477344 0.838889 0.021875 0.033333
2 0.475391 0.842361 0.060156 0.048611
1 0.945312 0.823611 0.020312 0.022222
1 0.876953 0.663194 0.021094 0.015278
1 0.872266 0.820833 0.022656 0.019444
1 0.737891 0.820833 0.014844 0.022222
1 0.775391 0.800694 0.025781 0.023611
1 0.687109 0.790972 0.025781 0.020833
1 0.721094 0.821528 0.010937 0.020833
1 0.605078 0.801389 0.010156 0.022222
1 0.592188 0.799306 0.015625 0.018056
2 0.772266 0.801389 0.085156 0.036111
2 0.874609 0.819444 0.058594 0.036111
2 0.944922 0.827778 0.069531 0.033333
2 0.874609 0.877083 0.055469 0.081944
2 0.939062 0.880556 0.073437 0.097222
2 0.990625 0.893750 0.018750 0.087500
2 0.991797 0.828472 0.016406 0.031944
2 0.877734 0.668056 0.061719 0.027778
2 0.923828 0.665972 0.030469 0.023611
2 0.951172 0.665278 0.025781 0.025000
2 0.976562 0.664583 0.021875 0.029167
2 0.995313 0.665278 0.009375 0.033333
2 0.775000 0.870833 0.079687 0.111111
2 0.691406 0.857639 0.076563 0.095833
2 0.694531 0.793056 0.073437 0.036111
2 0.626562 0.847222 0.042188 0.097222
2 0.579687 0.839583 0.050000 0.104167
