1 0.080078 0.707639 0.071094 0.037500
3 0.059375 0.483333 0.117188 0.427778
3 0.062500 0.813889 0.117188 0.244444
1 0.268750 0.676389 0.020312 0.030556
1 0.345313 0.656250 0.023438 0.026389
1 0.385156 0.695833 0.023438 0.027778
1 0.411719 0.680556 0.015625 0.038889
1 0.449609 0.625000 0.021094 0.033333
1 0.574219 0.629167 0.021875 0.025000
1 0.745313 0.664583 0.026563 0.037500
2 0.207813 0.799306 0.148438 0.293056
2 0.343359 0.647917 0.111719 0.059722
2 0.346875 0.789583 0.093750 0.220833
2 0.447656 0.631944 0.096875 0.047222
2 0.443359 0.749306 0.086719 0.181944
2 0.542188 0.724306 0.096875 0.243056
2 0.794531 0.679861 0.128125 0.076389
