1 0.184766 0.434722 0.063281 0.016667
1 0.366406 0.400000 0.046875 0.019444
1 0.199609 0.509722 0.052344 0.030556
1 0.376172 0.463194 0.047656 0.015278
1 0.217578 0.584722 0.058594 0.025000
1 0.383203 0.531944 0.039844 0.025000
1 0.236328 0.654167 0.049219 0.022222
1 0.389844 0.595139 0.046875 0.018056
1 0.397266 0.650694 0.046094 0.026389
1 0.250000 0.717361 0.045313 0.023611
2 0.177734 0.434722 0.200781 0.050000
2 0.355078 0.397222 0.157031 0.047222
2 0.269141 0.466667 0.338281 0.069444
2 0.258203 0.538194 0.311719 0.079167
2 0.258594 0.604861 0.303125 0.059722
2 0.278906 0.697917 0.281250 0.079167
