1 0.592188 0.020833 0.092188 0.027778
1 0.588281 0.084722 0.092188 0.030556
1 0.587891 0.156944 0.088281 0.030556
1 0.690625 0.337500 0.039062 0.030556
1 0.683203 0.398611 0.042969 0.027778
1 0.670703 0.460417 0.044531 0.020833
1 0.663672 0.511806 0.050781 0.029167
1 0.661719 0.562500 0.070312 0.030556
1 0.250391 0.017361 0.060156 0.031944
1 0.241406 0.084722 0.064062 0.036111
1 0.243750 0.145139 0.037500 0.037500
1 0.261328 0.528472 0.038281 0.031944
2 0.225391 0.068750 0.105469 0.056944
2 0.267188 0.018056 0.185937 0.030556
2 0.581250 0.022222 0.207813 0.041667
2 0.582031 0.086111 0.181250 0.069444
2 0.612500 0.170139 0.140625 0.065278
2 0.627734 0.214583 0.094531 0.065278
2 0.706250 0.333333 0.087500 0.050000
2 0.707812 0.395833 0.087500 0.061111
2 0.704687 0.454167 0.085938 0.050000
2 0.683594 0.508333 0.123438 0.041667
2 0.669922 0.563889 0.150781 0.069444
2 0.242188 0.522222 0.081250 0.058333
2 0.229687 0.471528 0.051562 0.045833
