1 0.669531 0.490972 0.137500 0.045833
1 0.665234 0.631944 0.139844 0.052778
1 0.657422 0.754167 0.136719 0.058333
1 0.655859 0.856944 0.121094 0.052778
1 0.282813 0.809722 0.114063 0.038889
1 0.270312 0.713889 0.107813 0.047222
1 0.247656 0.593056 0.115625 0.047222
1 0.233203 0.466667 0.124219 0.058333
1 0.182422 0.309028 0.027344 0.034722
1 0.438672 0.359722 0.027344 0.030556
1 0.660156 0.370833 0.040625 0.033333
1 0.663672 0.286111 0.028906 0.033333
1 0.432813 0.275694 0.034375 0.031944
2 0.192578 0.300000 0.185156 0.161111
2 0.560156 0.275694 0.518750 0.098611
2 0.563281 0.359028 0.500000 0.112500
2 0.458594 0.488889 0.695312 0.177778
2 0.464844 0.610417 0.660937 0.179167
2 0.469141 0.717361 0.649219 0.190278
2 0.480078 0.832639 0.605469 0.173611
