1 0.075781 0.678472 0.032812 0.620833
1 0.098047 0.675000 0.028906 0.625000
3 0.044531 0.681250 0.084375 0.637500
3 0.180078 0.679861 0.177344 0.629167
2 0.310156 0.363194 0.101562 0.298611
2 0.422656 0.367361 0.103125 0.284722
2 0.528906 0.368056 0.101562 0.286111
2 0.909375 0.376389 0.132812 0.391667
2 0.793750 0.277083 0.082813 0.173611
2 0.713672 0.291667 0.066406 0.144444
2 0.653906 0.377778 0.039062 0.283333
2 0.610547 0.381250 0.046094 0.279167
2 0.333984 0.770833 0.119531 0.066667
2 0.450391 0.771528 0.117969 0.070833
2 0.560156 0.763194 0.039062 0.059722
2 0.764844 0.895139 0.078125 0.101389
1 0.757422 0.902083 0.027344 0.037500
1 0.558203 0.772222 0.014844 0.016667
1 0.455078 0.763889 0.019531 0.025000
1 0.332812 0.774306 0.026563 0.034722
2 0.337109 0.908333 0.110156 0.183333
1 0.386328 0.821528 0.016406 0.026389
1 0.405859 0.816667 0.014844 0.036111
2 0.453516 0.900694 0.100781 0.198611
2 0.560156 0.898611 0.029687 0.200000
1 0.566797 0.825694 0.016406 0.029167
