1 0.756641 0.772917 0.053906 0.048611
3 0.894141 0.602083 0.197656 0.493056
3 0.820703 0.881944 0.196094 0.236111
1 0.494141 0.297917 0.025781 0.062500
1 0.450000 0.295833 0.018750 0.047222
1 0.438281 0.295833 0.014062 0.047222
1 0.672656 0.654167 0.057813 0.047222
1 0.635938 0.704861 0.017188 0.068056
1 0.294922 0.557639 0.021094 0.056944
1 0.312109 0.552083 0.016406 0.054167
1 0.354297 0.484722 0.039844 0.027778
1 0.421094 0.490278 0.025000 0.030556
1 0.432813 0.548611 0.015625 0.038889
1 0.260156 0.512500 0.046875 0.027778
1 0.087500 0.291667 0.028125 0.094444
2 0.659375 0.776389 0.062500 0.236111
2 0.676172 0.648611 0.089844 0.083333
1 0.571875 0.605556 0.101562 0.075000
2 0.422266 0.563194 0.036719 0.129167
2 0.421094 0.481250 0.037500 0.048611
2 0.348437 0.485417 0.092188 0.051389
2 0.351953 0.570833 0.096094 0.113889
2 0.260547 0.513194 0.078906 0.048611
2 0.270312 0.596528 0.076563 0.126389
2 0.525781 0.234722 0.065625 0.222222
2 0.467578 0.234028 0.041406 0.187500
2 0.428125 0.236806 0.037500 0.165278
2 0.060156 0.199306 0.075000 0.276389
