1 0.426953 0.779167 0.078906 0.027778
1 0.425000 0.738889 0.084375 0.027778
1 0.423047 0.695833 0.078906 0.030556
1 0.280078 0.224306 0.092969 0.037500
1 0.372266 0.235417 0.072656 0.020833
2 0.370313 0.180556 0.076563 0.091667
2 0.279687 0.168750 0.100000 0.126389
2 0.283594 0.275694 0.096875 0.123611
2 0.190625 0.265278 0.082813 0.122222
2 0.422266 0.675000 0.089844 0.044444
2 0.424609 0.720139 0.086719 0.054167
2 0.421094 0.768056 0.087500 0.047222
2 0.426172 0.831250 0.086719 0.120833
2 0.371094 0.345139 0.078125 0.218056
