3 0.790234 0.287500 0.025781 0.491667
3 0.773438 0.685417 0.028125 0.306944
1 0.769922 0.556944 0.016406 0.044444
1 0.107031 0.591667 0.012500 0.063889
1 0.056641 0.499306 0.058594 0.020833
1 0.255078 0.559722 0.019531 0.058333
1 0.275391 0.552083 0.016406 0.056944
2 0.060156 0.704167 0.117188 0.308333
2 0.192578 0.650000 0.138281 0.250000
2 0.312891 0.620139 0.096094 0.234722
2 0.060938 0.498611 0.109375 0.083333
1 0.518359 0.488889 0.011719 0.030556
1 0.528125 0.490278 0.009375 0.038889
1 0.522656 0.434722 0.020312 0.016667
1 0.436719 0.209722 0.012500 0.055556
1 0.449219 0.212500 0.010937 0.058333
1 0.499609 0.225000 0.011719 0.033333
1 0.666797 0.232639 0.014844 0.043056
1 0.760156 0.110417 0.015625 0.045833
2 0.410156 0.118750 0.062500 0.231944
2 0.467187 0.127778 0.048437 0.236111
2 0.516797 0.140278 0.046094 0.230556
2 0.649219 0.156944 0.053125 0.197222
2 0.730469 0.083333 0.081250 0.097222
2 0.514063 0.433333 0.064062 0.041667
2 0.503516 0.549306 0.036719 0.170833
