1 0.496875 0.370139 0.023438 0.020833
1 0.592188 0.357639 0.020312 0.020833
1 0.795313 0.332639 0.029687 0.023611
1 0.350391 0.655556 0.030469 0.025000
1 0.354688 0.724306 0.026563 0.029167
1 0.357422 0.788889 0.033594 0.019444
1 0.087109 0.554861 0.016406 0.020833
1 0.086328 0.592361 0.017969 0.012500
1 0.091797 0.624306 0.019531 0.020833
2 0.792969 0.301389 0.160938 0.147222
2 0.588281 0.338194 0.087500 0.106944
2 0.501953 0.349306 0.094531 0.090278
2 0.344141 0.648611 0.091406 0.061111
2 0.351172 0.713889 0.086719 0.069444
2 0.359766 0.783333 0.078906 0.069444
2 0.087109 0.552778 0.057031 0.030556
2 0.089844 0.587500 0.051562 0.041667
2 0.091797 0.623611 0.050781 0.041667
