1 0.200391 0.870139 0.092969 0.026389
1 0.200391 0.961806 0.089844 0.031944
1 0.028906 0.920139 0.028125 0.070833
1 0.117188 0.123611 0.082813 0.036111
1 0.121875 0.347917 0.079687 0.023611
1 0.480469 0.080556 0.018750 0.075000
1 0.513281 0.075000 0.021875 0.075000
1 0.757812 0.831944 0.042188 0.041667
1 0.756250 0.911111 0.051562 0.041667
2 0.414844 0.075694 0.151562 0.145833
2 0.571484 0.073611 0.150781 0.136111
2 0.756250 0.819444 0.145313 0.088889
2 0.753516 0.907639 0.147656 0.079167
1 0.837891 0.345833 0.075781 0.038889
1 0.839453 0.143750 0.067969 0.037500
2 0.820312 0.094444 0.343750 0.158333
2 0.822656 0.272222 0.346875 0.200000
2 0.198437 0.868750 0.285937 0.084722
2 0.197656 0.956944 0.275000 0.086111
2 0.031250 0.912500 0.060938 0.161111
2 0.163281 0.070139 0.323438 0.134722
2 0.168750 0.257639 0.323438 0.198611
