1 0.661719 0.267361 0.017188 0.170833
1 0.789844 0.263889 0.010937 0.172222
1 0.812891 0.261111 0.014844 0.183333
1 0.762891 0.800694 0.017969 0.181944
1 0.794531 0.805556 0.015625 0.177778
1 0.942187 0.725000 0.037500 0.094444
1 0.944141 0.823611 0.046094 0.105556
1 0.472266 0.339583 0.027344 0.093056
1 0.471875 0.470833 0.029687 0.102778
1 0.421875 0.772222 0.090625 0.041667
1 0.407422 0.219444 0.097656 0.027778
2 0.411719 0.176389 0.142188 0.116667
2 0.596875 0.238889 0.165625 0.277778
2 0.742969 0.227778 0.123438 0.297222
2 0.874219 0.220833 0.142188 0.302778
2 0.718359 0.831944 0.117969 0.286111
2 0.849609 0.850694 0.135156 0.298611
2 0.428516 0.809722 0.125781 0.152778
3 0.419141 0.338194 0.128906 0.148611
3 0.423828 0.581250 0.125781 0.334722
