1 0.326172 0.658333 0.011719 0.419444
1 0.341406 0.650000 0.018750 0.408333
3 0.343750 0.409028 0.182812 0.084722
3 0.289844 0.670833 0.081250 0.461111
3 0.383984 0.660417 0.094531 0.426389
1 0.346094 0.342361 0.012500 0.029167
1 0.356641 0.345139 0.011719 0.029167
2 0.302344 0.309028 0.096875 0.095833
2 0.395703 0.319444 0.086719 0.091667
0 0.636328 0.552778 0.078906 0.377778
1 0.190625 0.744444 0.015625 0.036111
1 0.187500 0.838194 0.012500 0.037500
2 0.189063 0.739583 0.092188 0.095833
2 0.191797 0.840972 0.075781 0.098611
1 0.152344 0.537500 0.012500 0.027778
1 0.162891 0.538889 0.014844 0.019444
2 0.122266 0.419444 0.075781 0.261111
2 0.198437 0.420139 0.073437 0.254167
2 0.462109 0.450000 0.042969 0.222222
2 0.509766 0.456944 0.046094 0.222222
