1 0.710938 0.907639 0.059375 0.104167
3 0.736328 0.681250 0.071094 0.534722
3 0.725000 0.937500 0.082813 0.125000
1 0.451172 0.518750 0.021094 0.029167
0 0.381641 0.521528 0.157031 0.643056
1 0.180078 0.770833 0.017969 0.027778
1 0.101172 0.909028 0.028906 0.026389
1 0.112500 0.888194 0.021875 0.029167
1 0.626953 0.741667 0.019531 0.036111
1 0.614062 0.806944 0.026563 0.030556
1 0.621875 0.872917 0.014062 0.037500
1 0.620703 0.928472 0.019531 0.037500
2 0.632422 0.760417 0.039844 0.093056
2 0.623047 0.825694 0.039844 0.093056
2 0.623047 0.886806 0.042969 0.084722
2 0.626172 0.945833 0.042969 0.080556
2 0.187891 0.861111 0.033594 0.255556
2 0.160938 0.884028 0.035937 0.226389
2 0.129297 0.925000 0.047656 0.150000
2 0.079687 0.950000 0.043750 0.100000
