1 0.486719 0.141667 0.025000 0.111111
3 0.332031 0.410417 0.176563 0.734722
1 0.562891 0.278472 0.017969 0.031944
1 0.583594 0.283333 0.018750 0.038889
1 0.833203 0.313889 0.016406 0.030556
1 0.853125 0.320833 0.017188 0.036111
2 0.632812 0.291667 0.106250 0.283333
2 0.555859 0.274306 0.046094 0.293056
2 0.775391 0.315972 0.117969 0.301389
2 0.908594 0.341667 0.118750 0.336111
2 0.089844 0.384028 0.171875 0.073611
2 0.091797 0.466667 0.161719 0.075000
2 0.086328 0.576389 0.172656 0.072222
2 0.086719 0.672917 0.173438 0.081944
2 0.089453 0.766667 0.149219 0.080556
2 0.083203 0.856250 0.163281 0.087500
