3 0.056641 0.465972 0.075781 0.226389
3 0.057031 0.784722 0.078125 0.408333
1 0.069141 0.723611 0.030469 0.233333
1 0.071875 0.459028 0.023438 0.204167
1 0.186719 0.322917 0.015625 0.026389
1 0.197266 0.323611 0.016406 0.030556
1 0.296484 0.543056 0.016406 0.044444
1 0.314453 0.550694 0.019531 0.031944
1 0.490234 0.383333 0.017969 0.033333
1 0.514844 0.381250 0.026563 0.037500
1 0.817969 0.316667 0.025000 0.047222
1 0.862891 0.313194 0.027344 0.048611
1 0.157813 0.837500 0.018750 0.038889
1 0.213672 0.894444 0.024219 0.038889
1 0.189453 0.931250 0.013281 0.034722
1 0.180469 0.915972 0.012500 0.031944
2 0.175781 0.275694 0.037500 0.140278
2 0.225391 0.280556 0.052344 0.144444
2 0.281641 0.372222 0.060156 0.369444
2 0.353906 0.383333 0.078125 0.383333
2 0.451953 0.268750 0.099219 0.268056
2 0.580859 0.260417 0.147656 0.284722
2 0.761719 0.210417 0.168750 0.276389
2 0.923437 0.218056 0.140625 0.263889
2 0.166797 0.845833 0.039844 0.075000
2 0.224219 0.903472 0.068750 0.090278
2 0.218359 0.954861 0.060156 0.090278
2 0.166406 0.935417 0.039062 0.126389
