1 0.177734 0.245139 0.030469 0.118056
1 0.180078 0.359722 0.030469 0.102778
3 0.162500 0.240972 0.025000 0.118056
3 0.170703 0.404167 0.032031 0.194444
2 0.283984 0.184028 0.061719 0.095833
2 0.237109 0.180556 0.032031 0.105556
2 0.407031 0.188889 0.067188 0.094444
2 0.498828 0.184722 0.052344 0.088889
2 0.542969 0.181944 0.046875 0.100000
2 0.585156 0.175000 0.046875 0.100000
2 0.633594 0.174306 0.056250 0.104167
2 0.691797 0.163889 0.058594 0.111111
2 0.763281 0.136806 0.064062 0.081944
2 0.837109 0.118750 0.092969 0.079167
2 0.635547 0.421528 0.058594 0.093056
2 0.584766 0.409028 0.042969 0.098611
2 0.537891 0.396528 0.041406 0.104167
2 0.496484 0.390972 0.041406 0.090278
2 0.455469 0.379861 0.039062 0.087500
2 0.416406 0.370833 0.034375 0.080556
1 0.736719 0.381250 0.132812 0.045833
1 0.137109 0.718056 0.017969 0.033333
1 0.161719 0.718750 0.015625 0.026389
1 0.503125 0.720139 0.015625 0.026389
1 0.522266 0.716667 0.016406 0.030556
1 0.620313 0.720833 0.017188 0.025000
1 0.643750 0.714583 0.015625 0.034722
1 0.770312 0.652778 0.014062 0.033333
1 0.800781 0.654167 0.017188 0.036111
2 0.434375 0.691667 0.060938 0.108333
2 0.487891 0.689583 0.047656 0.106944
2 0.541406 0.687500 0.050000 0.119444
2 0.600000 0.687500 0.064062 0.108333
2 0.664844 0.686806 0.064062 0.131944
2 0.750000 0.649306 0.067188 0.081944
2 0.833203 0.638889 0.096094 0.083333
0 0.989844 0.800694 0.020312 0.345833
0 0.041016 0.813889 0.069531 0.358333
1 0.611719 0.887500 0.042188 0.025000
2 0.614844 0.888194 0.070312 0.040278
1 0.382422 0.858333 0.027344 0.016667
2 0.383594 0.858333 0.042188 0.019444
1 0.332422 0.851389 0.021094 0.011111
2 0.339453 0.850000 0.038281 0.019444
2 0.137109 0.686806 0.028906 0.123611
2 0.188281 0.689583 0.071875 0.112500
