1 0.449609 0.309722 0.030469 0.211111
1 0.452734 0.538194 0.028906 0.231944
1 0.739453 0.822222 0.171094 0.063889
3 0.324219 0.256250 0.268750 0.323611
3 0.337109 0.665278 0.260156 0.475000
1 0.056250 0.502083 0.039062 0.054167
0 0.056250 0.528472 0.112500 0.898611
2 0.557031 0.177778 0.092188 0.277778
2 0.642969 0.168750 0.073437 0.270833
2 0.733984 0.134028 0.102344 0.198611
2 0.850781 0.131944 0.117188 0.183333
2 0.961719 0.183333 0.076563 0.241667
2 0.488672 0.563889 0.047656 0.061111
2 0.489453 0.631250 0.044531 0.065278
2 0.486719 0.709722 0.053125 0.066667
2 0.484375 0.788194 0.054688 0.087500
2 0.542969 0.647222 0.050000 0.263889
2 0.601562 0.651389 0.064062 0.272222
