1 0.632422 0.675694 0.052344 0.040278
1 0.665625 0.770139 0.026563 0.029167
1 0.317187 0.665278 0.064062 0.033333
1 0.316406 0.724306 0.056250 0.029167
1 0.320312 0.790278 0.054688 0.036111
1 0.321484 0.880556 0.050781 0.041667
1 0.456250 0.652083 0.021875 0.031944
1 0.486328 0.368750 0.024219 0.026389
1 0.821484 0.369444 0.021094 0.033333
1 0.236328 0.366667 0.019531 0.038889
2 0.334375 0.220139 0.248437 0.365278
2 0.565625 0.229167 0.196875 0.341667
2 0.767578 0.225000 0.166406 0.341667
2 0.641406 0.681250 0.078125 0.065278
2 0.640234 0.844444 0.086719 0.252778
2 0.483203 0.759028 0.075781 0.251389
2 0.315625 0.662500 0.210938 0.050000
2 0.323828 0.725000 0.208594 0.063889
2 0.322266 0.786111 0.210156 0.066667
2 0.319922 0.863889 0.221094 0.108333
2 0.116406 0.838194 0.232812 0.220833
