1 0.797266 0.424306 0.044531 0.431944
1 0.707812 0.197222 0.028125 0.127778
1 0.637500 0.576389 0.107813 0.100000
2 0.327344 0.188889 0.065625 0.244444
2 0.408984 0.505556 0.188281 0.038889
2 0.408594 0.580556 0.185937 0.075000
2 0.409766 0.664583 0.191406 0.079167
1 0.897656 0.832639 0.204688 0.143056
3 0.898828 0.423611 0.202344 0.686111
3 0.878516 0.876389 0.214844 0.194444
2 0.573047 0.181944 0.066406 0.213889
2 0.680469 0.074306 0.064062 0.068056
2 0.740625 0.061111 0.076563 0.083333
2 0.737500 0.601389 0.073437 0.072222
2 0.744531 0.676389 0.075000 0.080556
2 0.736719 0.751389 0.073437 0.094444
2 0.737500 0.837500 0.064062 0.100000
2 0.532031 0.575000 0.053125 0.202778
2 0.401953 0.150694 0.086719 0.195833
2 0.493750 0.154167 0.090625 0.177778
