1 0.230859 0.438889 0.146094 0.097222
1 0.565234 0.377083 0.096094 0.065278
1 0.757812 0.328472 0.073437 0.056944
1 0.924219 0.291667 0.059375 0.041667
1 0.907422 0.390278 0.061719 0.047222
1 0.746484 0.438194 0.085156 0.045833
1 0.558203 0.525000 0.086719 0.063889
1 0.250391 0.618750 0.128906 0.068056
1 0.248828 0.765278 0.119531 0.075000
1 0.550781 0.628472 0.087500 0.068056
1 0.739844 0.555556 0.068750 0.047222
1 0.895703 0.486111 0.050781 0.052778
2 0.363672 0.397222 0.569531 0.180556
2 0.371875 0.521528 0.550000 0.151389
2 0.376563 0.698611 0.540625 0.155556
2 0.845703 0.307639 0.302344 0.090278
2 0.828516 0.408333 0.260156 0.105556
2 0.810156 0.518750 0.239063 0.126389
