1 0.857031 0.632639 0.032812 0.734722
1 0.842578 0.608333 0.035156 0.658333
3 0.930078 0.641667 0.116406 0.716667
3 0.834766 0.644444 0.052344 0.688889
1 0.917969 0.109722 0.025000 0.133333
1 0.900000 0.124306 0.017188 0.134722
1 0.808594 0.291667 0.010937 0.088889
1 0.800781 0.290278 0.017188 0.077778
1 0.713281 0.306944 0.014062 0.086111
1 0.668359 0.312500 0.019531 0.075000
1 0.601172 0.306944 0.011719 0.066667
1 0.588281 0.310417 0.014062 0.076389
1 0.521484 0.311806 0.021094 0.070833
1 0.780859 0.760417 0.016406 0.084722
1 0.751562 0.718750 0.012500 0.076389
1 0.743750 0.711111 0.014062 0.069444
1 0.413672 0.784028 0.017969 0.081944
1 0.419531 0.776389 0.015625 0.086111
1 0.437109 0.698611 0.013281 0.072222
1 0.442578 0.679167 0.016406 0.058333
2 0.492188 0.244444 0.081250 0.241667
2 0.560938 0.245139 0.060938 0.240278
2 0.624609 0.239583 0.064844 0.231944
2 0.674219 0.238194 0.042188 0.234722
2 0.731250 0.231250 0.079687 0.226389
2 0.788281 0.222222 0.040625 0.236111
2 0.828125 0.161111 0.048437 0.197222
2 0.887500 0.113889 0.082813 0.213889
2 0.957812 0.105556 0.084375 0.166667
1 0.367578 0.789583 0.041406 0.112500
1 0.598047 0.631944 0.122656 0.044444
1 0.676172 0.620139 0.007031 0.076389
1 0.754297 0.636806 0.028906 0.043056
1 0.799219 0.690278 0.029687 0.027778
1 0.522266 0.660417 0.010156 0.065278
1 0.487109 0.599306 0.041406 0.026389
1 0.439063 0.618056 0.018750 0.030556
2 0.489453 0.703472 0.074219 0.170833
2 0.483203 0.594444 0.072656 0.027778
2 0.683984 0.677083 0.030469 0.195833
2 0.728906 0.718056 0.032812 0.163889
2 0.754297 0.763889 0.028906 0.191667
2 0.782812 0.801389 0.040625 0.169444
