1 0.748438 0.304861 0.032812 0.354167
1 0.725000 0.299306 0.037500 0.348611
1 0.752734 0.547917 0.232031 0.062500
1 0.750000 0.664583 0.231250 0.081944
3 0.816406 0.306250 0.128125 0.434722
3 0.689453 0.313889 0.111719 0.413889
3 0.755859 0.568056 0.250781 0.097222
3 0.755859 0.745833 0.242969 0.241667
1 0.465625 0.639583 0.139062 0.048611
1 0.463281 0.509722 0.153125 0.044444
1 0.144531 0.588889 0.187500 0.052778
1 0.582031 0.526389 0.025000 0.025000
1 0.551953 0.577083 0.019531 0.040278
1 0.363672 0.509028 0.024219 0.023611
1 0.273438 0.181250 0.014062 0.031944
1 0.261719 0.182639 0.015625 0.026389
1 0.261328 0.149306 0.011719 0.031944
1 0.271875 0.153472 0.015625 0.020833
1 0.910937 0.087500 0.015625 0.038889
1 0.908203 0.045139 0.019531 0.029167
1 0.757422 0.068056 0.019531 0.036111
1 0.740234 0.070833 0.021094 0.027778
2 0.303516 0.444444 0.077344 0.558333
2 0.365625 0.509028 0.051562 0.040278
2 0.589063 0.530556 0.078125 0.041667
2 0.583203 0.687500 0.086719 0.258333
2 0.952734 0.470139 0.094531 0.815278
2 0.947266 0.025694 0.088281 0.045833
2 0.815234 0.047222 0.113281 0.063889
2 0.689062 0.044444 0.112500 0.083333
2 0.242578 0.080556 0.053906 0.155556
2 0.300000 0.081944 0.057813 0.158333
2 0.240234 0.332639 0.046094 0.318056
