1 0.460156 0.486111 0.020312 0.166667
1 0.471094 0.484028 0.014062 0.156944
3 0.416016 0.541667 0.089844 0.450000
3 0.512891 0.541667 0.103906 0.438889
1 0.787109 0.628472 0.138281 0.048611
1 0.785937 0.804861 0.137500 0.068056
1 0.889844 0.363194 0.018750 0.095833
1 0.700391 0.356250 0.013281 0.151389
1 0.838281 0.245833 0.014062 0.083333
1 0.864453 0.245833 0.014844 0.091667
1 0.324219 0.579861 0.060938 0.029167
1 0.323828 0.623611 0.058594 0.027778
1 0.323047 0.661111 0.066406 0.033333
1 0.326953 0.703472 0.057031 0.031944
1 0.637109 0.651389 0.013281 0.150000
1 0.455469 0.243750 0.017188 0.129167
1 0.475000 0.252778 0.010937 0.119444
2 0.410547 0.240278 0.100781 0.161111
2 0.514063 0.246528 0.092188 0.137500
2 0.737891 0.306944 0.071094 0.247222
2 0.817187 0.222917 0.065625 0.143056
2 0.896875 0.210417 0.092188 0.145833
2 0.671094 0.678472 0.065625 0.226389
2 0.322266 0.579167 0.071094 0.038889
2 0.321484 0.622917 0.066406 0.034722
2 0.324219 0.658333 0.075000 0.041667
2 0.319531 0.718056 0.070312 0.075000
