1 0.949219 0.664583 0.021875 0.037500
1 0.947266 0.525694 0.024219 0.045833
1 0.948047 0.443750 0.022656 0.034722
1 0.831641 0.318750 0.021094 0.215278
1 0.814062 0.321528 0.021875 0.195833
1 0.676562 0.477083 0.025000 0.031944
1 0.673828 0.419444 0.024219 0.033333
1 0.227344 0.446528 0.112500 0.029167
1 0.230469 0.611111 0.095312 0.058333
3 0.868359 0.393056 0.078906 0.566667
3 0.777734 0.395139 0.096094 0.562500
2 0.957031 0.459722 0.085938 0.066667
2 0.954687 0.549306 0.082813 0.112500
2 0.955859 0.688889 0.088281 0.136111
2 0.678906 0.545833 0.078125 0.175000
2 0.677344 0.429861 0.076563 0.043056
2 0.653906 0.144444 0.085938 0.222222
2 0.572656 0.147222 0.075000 0.200000
2 0.368359 0.175694 0.047656 0.198611
2 0.404687 0.531250 0.073437 0.165278
2 0.475391 0.540278 0.072656 0.169444
2 0.246484 0.176389 0.041406 0.222222
2 0.306641 0.173611 0.078906 0.205556
2 0.192969 0.125694 0.067188 0.126389
2 0.132812 0.124306 0.064062 0.143056
2 0.064844 0.123611 0.064062 0.133333
2 0.088281 0.562500 0.081250 0.241667
2 0.146484 0.540972 0.046094 0.226389
