1 0.464063 0.696528 0.046875 0.034722
1 0.465625 0.784028 0.053125 0.029167
1 0.468750 0.885417 0.050000 0.034722
1 0.607813 0.800694 0.017188 0.023611
1 0.631250 0.805556 0.020312 0.027778
1 0.775781 0.878472 0.043750 0.031944
1 0.940625 0.700000 0.053125 0.047222
1 0.777734 0.776389 0.033594 0.027778
1 0.771094 0.985417 0.045313 0.029167
1 0.227734 0.629167 0.038281 0.027778
1 0.230859 0.704167 0.030469 0.025000
1 0.235156 0.797917 0.026563 0.026389
0 0.967578 0.522222 0.064844 0.955556
2 0.226172 0.621528 0.061719 0.062500
2 0.235547 0.708333 0.066406 0.094444
2 0.239844 0.800694 0.062500 0.087500
1 0.321094 0.709722 0.018750 0.038889
1 0.338672 0.721528 0.016406 0.029167
2 0.304688 0.770139 0.062500 0.176389
2 0.366797 0.798611 0.072656 0.205556
2 0.466406 0.688889 0.115625 0.086111
2 0.470703 0.775694 0.114844 0.098611
2 0.468359 0.884722 0.116406 0.091667
2 0.575781 0.870833 0.084375 0.222222
2 0.666016 0.889583 0.086719 0.218056
2 0.781641 0.777778 0.096094 0.080556
2 0.773047 0.868056 0.102344 0.100000
2 0.773047 0.964583 0.091406 0.070833
