2 0.221484 0.233333 0.263281 0.419444
2 0.423438 0.054861 0.140625 0.101389
2 0.550781 0.056944 0.100000 0.083333
2 0.666797 0.179167 0.110156 0.338889
2 0.750781 0.073611 0.062500 0.127778
2 0.809766 0.052778 0.052344 0.066667
1 0.889453 0.309722 0.024219 0.211111
1 0.890234 0.530556 0.024219 0.186111
3 0.911719 0.265972 0.107813 0.251389
3 0.911328 0.675694 0.107031 0.523611
2 0.786328 0.690972 0.086719 0.084722
2 0.783594 0.815278 0.079687 0.133333
2 0.787891 0.945139 0.077344 0.104167
1 0.640234 0.841667 0.221094 0.194444
2 0.373437 0.960417 0.209375 0.076389
2 0.936719 0.092361 0.039062 0.087500
2 0.934375 0.023611 0.028125 0.033333
