1 0.894922 0.788194 0.210156 0.087500
1 0.485547 0.409722 0.019531 0.063889
1 0.675391 0.241667 0.016406 0.063889
1 0.874609 0.206250 0.019531 0.065278
1 0.333594 0.169444 0.014062 0.077778
1 0.345703 0.168056 0.013281 0.080556
1 0.170703 0.208333 0.021094 0.080556
1 0.188281 0.204861 0.021875 0.084722
2 0.150781 0.138194 0.065625 0.245833
2 0.216406 0.154167 0.078125 0.238889
0 0.455078 0.311111 0.071094 0.325000
0 0.580469 0.343056 0.101562 0.277778
2 0.660156 0.193750 0.053125 0.187500
2 0.891016 0.152083 0.049219 0.218056
2 0.839453 0.759028 0.321094 0.306944
2 0.842969 0.931944 0.314063 0.136111
2 0.315234 0.126389 0.044531 0.177778
2 0.358594 0.142361 0.054688 0.165278
3 0.050781 0.461111 0.093750 0.733333
1 0.705859 0.478472 0.055469 0.015278
