1 0.140625 0.512500 0.043750 0.338889
1 0.166406 0.502083 0.046875 0.331944
3 0.099609 0.605556 0.135156 0.780556
3 0.198437 0.581944 0.118750 0.744444
1 0.766797 0.225000 0.019531 0.108333
1 0.696094 0.493056 0.075000 0.036111
1 0.732422 0.124306 0.010156 0.043056
1 0.747656 0.126389 0.015625 0.044444
1 0.048047 0.100694 0.019531 0.079167
1 0.071094 0.097917 0.018750 0.073611
1 0.343359 0.150694 0.016406 0.065278
1 0.357812 0.153472 0.017188 0.054167
1 0.460938 0.235417 0.018750 0.062500
1 0.476562 0.236806 0.012500 0.065278
1 0.521094 0.243056 0.018750 0.055556
2 0.219922 0.119444 0.114844 0.177778
2 0.313672 0.115278 0.067969 0.127778
2 0.378516 0.113889 0.058594 0.127778
2 0.442578 0.158333 0.047656 0.197222
2 0.487891 0.163194 0.046094 0.193056
2 0.547266 0.175000 0.069531 0.191667
1 0.664844 0.239583 0.012500 0.068056
2 0.630469 0.172917 0.076563 0.195833
2 0.705859 0.109028 0.072656 0.079167
2 0.772266 0.106250 0.071094 0.093056
2 0.873438 0.172917 0.104687 0.215278
1 0.823828 0.243750 0.014844 0.059722
2 0.108203 0.072917 0.092969 0.120833
2 0.035156 0.061806 0.070312 0.118056
2 0.292578 0.568056 0.082031 0.055556
2 0.303516 0.631250 0.077344 0.048611
2 0.373437 0.548611 0.071875 0.044444
2 0.435937 0.527083 0.060938 0.051389
2 0.377344 0.606250 0.062500 0.056944
2 0.439453 0.584028 0.053906 0.059722
2 0.582031 0.498611 0.035937 0.077778
