1 0.693750 0.413889 0.020312 0.150000
0 0.814453 0.354861 0.042969 0.131944
3 0.637891 0.354167 0.124219 0.111111
3 0.635938 0.456944 0.125000 0.091667
2 0.102344 0.261806 0.046875 0.181944
2 0.149219 0.265972 0.040625 0.173611
2 0.198828 0.270833 0.046094 0.150000
2 0.242578 0.275694 0.041406 0.140278
2 0.283984 0.278472 0.033594 0.137500
2 0.322656 0.273611 0.043750 0.130556
2 0.363281 0.281250 0.040625 0.126389
2 0.416016 0.242361 0.046094 0.062500
2 0.466016 0.239583 0.041406 0.059722
2 0.533203 0.279167 0.069531 0.147222
1 0.502734 0.346528 0.008594 0.020833
1 0.139453 0.342361 0.010156 0.020833
1 0.123828 0.343750 0.010156 0.029167
1 0.337109 0.468750 0.011719 0.018056
1 0.336719 0.493750 0.010937 0.020833
2 0.337109 0.469444 0.035156 0.025000
2 0.239453 0.565972 0.036719 0.118056
2 0.277734 0.549306 0.025781 0.126389
1 0.346875 0.341667 0.015625 0.030556
1 0.431641 0.268056 0.013281 0.025000
1 0.216016 0.340278 0.013281 0.025000
1 0.230859 0.340972 0.011719 0.031944
1 0.272656 0.343056 0.010937 0.025000
1 0.274219 0.502083 0.012500 0.037500
1 0.257812 0.509028 0.014062 0.031944
