1 0.678906 0.459722 0.046875 0.027778
1 0.676953 0.521528 0.049219 0.034722
1 0.677734 0.580556 0.049219 0.030556
1 0.672656 0.634722 0.046875 0.027778
1 0.671094 0.691667 0.039062 0.027778
1 0.670313 0.736806 0.042188 0.034722
2 0.682031 0.451389 0.181250 0.061111
2 0.682422 0.506944 0.169531 0.061111
2 0.681250 0.559722 0.164062 0.052778
2 0.683984 0.616667 0.164844 0.052778
2 0.685156 0.672222 0.159375 0.063889
2 0.679688 0.728472 0.159375 0.070833
1 0.142578 0.636806 0.021094 0.045833
1 0.281641 0.623611 0.017969 0.033333
2 0.194141 0.618056 0.127344 0.066667
1 0.987891 0.188194 0.014844 0.045833
2 0.990234 0.156944 0.019531 0.141667
