1 0.236719 0.601389 0.018750 0.030556
1 0.275781 0.596528 0.021875 0.034722
1 0.258203 0.735417 0.017969 0.031944
1 0.294922 0.730556 0.022656 0.033333
1 0.556641 0.561111 0.017969 0.027778
1 0.591797 0.554167 0.022656 0.030556
1 0.573438 0.692361 0.017188 0.026389
1 0.611328 0.684722 0.024219 0.025000
1 0.626172 0.825694 0.014844 0.026389
1 0.590625 0.830556 0.017188 0.019444
1 0.317969 0.873611 0.012500 0.013889
1 0.280078 0.879861 0.017969 0.023611
2 0.185937 0.652778 0.156250 0.105556
2 0.335938 0.630556 0.154687 0.111111
2 0.357031 0.766667 0.145313 0.100000
2 0.204688 0.787500 0.146875 0.097222
2 0.225781 0.916667 0.148438 0.097222
2 0.378906 0.902083 0.135937 0.109722
2 0.534766 0.867361 0.133594 0.101389
2 0.682422 0.855556 0.138281 0.113889
2 0.518359 0.731250 0.144531 0.101389
2 0.666797 0.718056 0.139844 0.094444
2 0.655859 0.588194 0.147656 0.093056
2 0.500781 0.604861 0.142188 0.087500
