3 0.260547 0.376389 0.057031 0.213889
3 0.271094 0.694444 0.056250 0.386111
2 0.764063 0.274306 0.017188 0.223611
2 0.785156 0.269444 0.028125 0.241667
2 0.782422 0.080556 0.030469 0.075000
2 0.760938 0.094444 0.020312 0.072222
2 0.733203 0.114583 0.025781 0.068056
2 0.711719 0.134028 0.025000 0.059722
2 0.736328 0.236806 0.030469 0.120833
2 0.713281 0.246528 0.025000 0.106944
2 0.680469 0.150694 0.012500 0.065278
2 0.692578 0.147917 0.016406 0.068056
2 0.677734 0.288194 0.013281 0.184722
2 0.691016 0.289583 0.019531 0.181944
2 0.671484 0.500000 0.024219 0.033333
2 0.675781 0.535417 0.025000 0.037500
2 0.674219 0.568750 0.028125 0.020833
2 0.695312 0.528472 0.017188 0.065278
2 0.717188 0.537500 0.021875 0.066667
2 0.622656 0.235417 0.032812 0.168056
2 0.650781 0.230556 0.032812 0.175000
2 0.621875 0.455556 0.029687 0.250000
2 0.652734 0.450694 0.033594 0.240278
2 0.176953 0.689583 0.075781 0.056944
1 0.188672 0.696528 0.021094 0.029167
1 0.191406 0.781250 0.014062 0.034722
1 0.197656 0.760417 0.017188 0.026389
2 0.170703 0.875000 0.049219 0.208333
2 0.208203 0.820139 0.035156 0.176389
2 0.058203 0.241667 0.050781 0.369444
2 0.022656 0.259028 0.042188 0.379167
2 0.109766 0.150000 0.046094 0.127778
2 0.146484 0.158333 0.032031 0.086111
2 0.178516 0.168750 0.021094 0.056944
2 0.195703 0.102083 0.025781 0.081944
2 0.171484 0.084722 0.019531 0.080556
2 0.145313 0.054861 0.028125 0.081944
2 0.112500 0.043056 0.035937 0.072222
