1 0.821484 0.573611 0.050781 0.375000
1 0.802344 0.563889 0.043750 0.366667
3 0.888672 0.649306 0.108594 0.656944
3 0.777344 0.636806 0.067188 0.609722
1 0.432031 0.412500 0.015625 0.058333
1 0.451172 0.414583 0.014844 0.045833
1 0.208203 0.414583 0.017969 0.043056
1 0.180859 0.568750 0.038281 0.020833
1 0.692969 0.704167 0.059375 0.055556
1 0.689062 0.787500 0.053125 0.061111
1 0.562109 0.418056 0.013281 0.036111
1 0.550391 0.415278 0.011719 0.033333
1 0.513672 0.416667 0.014844 0.041667
1 0.664844 0.637500 0.032812 0.027778
2 0.174219 0.331944 0.082813 0.208333
2 0.405078 0.330556 0.069531 0.186111
2 0.471875 0.334028 0.070312 0.195833
2 0.521484 0.336111 0.041406 0.205556
2 0.550000 0.334028 0.023438 0.218056
2 0.579687 0.332639 0.040625 0.212500
2 0.667578 0.642361 0.047656 0.051389
1 0.711719 0.666667 0.026563 0.030556
2 0.709766 0.665972 0.032031 0.045833
2 0.691406 0.708333 0.071875 0.069444
2 0.689062 0.795139 0.071875 0.087500
2 0.179297 0.573611 0.103906 0.041667
1 0.417578 0.570139 0.014844 0.040278
2 0.424219 0.597222 0.034375 0.091667
2 0.558984 0.672917 0.036719 0.165278
2 0.607031 0.700694 0.053125 0.193056
2 0.771484 0.242361 0.058594 0.168056
2 0.842188 0.227778 0.067188 0.166667
