1 0.478125 0.415972 0.014062 0.254167
1 0.461719 0.414583 0.018750 0.254167
1 0.449219 0.181250 0.018750 0.079167
1 0.471094 0.179861 0.014062 0.073611
1 0.828516 0.184028 0.013281 0.118056
1 0.841016 0.186806 0.010156 0.109722
1 0.873047 0.638194 0.096094 0.043056
1 0.875781 0.750000 0.089062 0.050000
1 0.754297 0.710417 0.069531 0.037500
1 0.195703 0.347222 0.096094 0.022222
1 0.485156 0.602083 0.125000 0.043056
1 0.465625 0.687500 0.017188 0.122222
1 0.480469 0.695139 0.015625 0.120833
3 0.419141 0.411806 0.097656 0.351389
3 0.515234 0.411806 0.088281 0.312500
3 0.496094 0.611806 0.104687 0.079167
3 0.420312 0.686806 0.098438 0.204167
3 0.517578 0.711806 0.080469 0.143056
2 0.410156 0.120139 0.100000 0.226389
2 0.510547 0.128472 0.097656 0.226389
2 0.809766 0.145139 0.060156 0.248611
2 0.875781 0.131944 0.073437 0.225000
2 0.885547 0.631250 0.139844 0.093056
2 0.983984 0.649306 0.032031 0.081944
2 0.987891 0.790278 0.024219 0.152778
2 0.884766 0.740972 0.147656 0.134722
2 0.759766 0.700694 0.091406 0.101389
2 0.186328 0.270139 0.308594 0.195833
