1 0.786719 0.710417 0.026563 0.204167
1 0.829297 0.722917 0.021094 0.215278
1 0.830469 0.255556 0.020312 0.219444
1 0.786328 0.252083 0.022656 0.215278
1 0.265234 0.756944 0.164844 0.050000
1 0.265234 0.879167 0.163281 0.058333
2 0.260156 0.779167 0.296875 0.122222
2 0.261719 0.895139 0.292188 0.112500
2 0.772266 0.250694 0.082031 0.393056
2 0.868359 0.256944 0.100781 0.419444
2 0.866797 0.720139 0.096094 0.420833
2 0.770312 0.702778 0.076563 0.402778
0 0.258984 0.343056 0.114844 0.305556
1 0.408203 0.490278 0.013281 0.080556
