1 0.457812 0.554861 0.039062 0.820833
1 0.482812 0.557639 0.035937 0.834722
1 0.832422 0.952083 0.163281 0.095833
1 0.889063 0.752083 0.221875 0.120833
1 0.312109 0.534722 0.100781 0.047222
1 0.318750 0.579167 0.100000 0.050000
1 0.204297 0.506250 0.078906 0.045833
1 0.209375 0.539583 0.076563 0.037500
0 0.028906 0.740278 0.057813 0.197222
3 0.570703 0.567361 0.169531 0.865278
3 0.413281 0.545833 0.125000 0.772222
2 0.170703 0.288194 0.100781 0.437500
2 0.282422 0.297222 0.147656 0.494444
2 0.219531 0.638194 0.096875 0.212500
2 0.326953 0.687500 0.100781 0.258333
2 0.854688 0.811806 0.290625 0.243056
2 0.829687 0.947917 0.271875 0.104167
