1 0.228125 0.491667 0.015625 0.025000
1 0.352734 0.470833 0.016406 0.022222
1 0.235156 0.599306 0.046875 0.037500
1 0.357422 0.572222 0.046094 0.044444
1 0.361719 0.676389 0.051562 0.041667
1 0.364844 0.779167 0.043750 0.047222
1 0.367969 0.875694 0.040625 0.040278
1 0.248047 0.823611 0.052344 0.047222
1 0.255078 0.926389 0.047656 0.044444
1 0.241797 0.710417 0.049219 0.043056
2 0.226953 0.485417 0.130469 0.087500
2 0.347266 0.470833 0.114844 0.077778
2 0.288281 0.585417 0.228125 0.090278
2 0.294141 0.684028 0.221094 0.087500
2 0.296484 0.793750 0.225781 0.090278
2 0.302344 0.901389 0.221875 0.088889
