0 0.485156 0.522917 0.165625 0.401389
1 0.771094 0.536806 0.015625 0.231944
3 0.795313 0.563889 0.037500 0.402778
3 0.766016 0.559722 0.027344 0.355556
1 0.103906 0.897917 0.021875 0.043056
1 0.105469 0.955556 0.015625 0.027778
1 0.172266 0.879167 0.013281 0.016667
1 0.173828 0.829861 0.013281 0.020833
2 0.097266 0.892361 0.067969 0.059722
2 0.098438 0.950000 0.078125 0.058333
2 0.172656 0.829167 0.053125 0.038889
2 0.172266 0.884722 0.049219 0.069444
2 0.298438 0.660417 0.018750 0.065278
2 0.297266 0.737500 0.016406 0.072222
2 0.300781 0.834028 0.020312 0.115278
2 0.326172 0.627083 0.046094 0.045833
2 0.326953 0.696528 0.038281 0.054167
2 0.325391 0.778472 0.042969 0.081944
