1 0.173047 0.351389 0.074219 0.030556
1 0.182031 0.495139 0.078125 0.043056
1 0.191797 0.631944 0.075781 0.036111
1 0.198828 0.769444 0.069531 0.036111
1 0.717969 0.345833 0.062500 0.041667
1 0.810156 0.634028 0.020312 0.087500
1 0.936719 0.468056 0.043750 0.027778
1 0.932813 0.525000 0.051562 0.027778
1 0.929297 0.572222 0.050781 0.030556
1 0.927344 0.623611 0.050000 0.038889
1 0.924219 0.683333 0.051562 0.036111
1 0.921484 0.740278 0.047656 0.038889
1 0.464844 0.615278 0.067188 0.058333
1 0.473437 0.833333 0.046875 0.052778
2 0.182812 0.345833 0.365625 0.130556
2 0.180859 0.485417 0.360156 0.159722
2 0.192188 0.624306 0.350000 0.131944
2 0.192188 0.831944 0.367188 0.269444
2 0.461719 0.595139 0.189063 0.218056
2 0.464844 0.814583 0.185937 0.215278
2 0.698047 0.620833 0.247656 0.416667
2 0.699609 0.340972 0.260156 0.129167
2 0.916016 0.470139 0.167969 0.079167
2 0.917969 0.538889 0.164062 0.066667
2 0.906641 0.588889 0.186719 0.052778
2 0.912891 0.643056 0.174219 0.066667
2 0.909766 0.708333 0.180469 0.072222
2 0.910547 0.787500 0.178906 0.080556
