1 0.703516 0.463194 0.016406 0.195833
1 0.683984 0.468750 0.013281 0.184722
3 0.658984 0.450000 0.061719 0.263889
3 0.735937 0.468056 0.082813 0.300000
1 0.728516 0.634722 0.044531 0.036111
3 0.737891 0.689583 0.063281 0.131944
2 0.328906 0.322917 0.062500 0.126389
2 0.329688 0.459028 0.051562 0.112500
2 0.325391 0.535417 0.050781 0.045833
2 0.407422 0.322917 0.047656 0.123611
2 0.451953 0.324306 0.044531 0.137500
1 0.546875 0.372222 0.017188 0.066667
2 0.502734 0.277778 0.042969 0.061111
2 0.551562 0.279167 0.050000 0.063889
2 0.602734 0.327083 0.046094 0.143056
2 0.678125 0.264583 0.078125 0.070833
2 0.751953 0.266667 0.075781 0.055556
