1 0.285547 0.449306 0.052344 0.531944
1 0.316406 0.456250 0.037500 0.551389
1 0.286719 0.868750 0.182812 0.106944
1 0.533594 0.934722 0.106250 0.088889
1 0.630078 0.848611 0.025781 0.036111
1 0.630469 0.715972 0.025000 0.037500
1 0.631250 0.613889 0.029687 0.036111
1 0.557031 0.258333 0.014062 0.033333
1 0.568359 0.257639 0.014844 0.037500
1 0.738672 0.286806 0.010156 0.034722
1 0.745313 0.286806 0.014062 0.034722
1 0.721484 0.595833 0.013281 0.036111
1 0.730078 0.594444 0.016406 0.036111
1 0.488281 0.165972 0.015625 0.145833
3 0.216406 0.422222 0.159375 0.761111
3 0.345703 0.424306 0.107031 0.693056
3 0.261328 0.903472 0.266406 0.193056
2 0.629687 0.609028 0.085938 0.068056
2 0.628516 0.715278 0.088281 0.130556
2 0.634375 0.836806 0.078125 0.106944
2 0.700391 0.704861 0.044531 0.279167
2 0.745703 0.682639 0.042969 0.248611
1 0.814844 0.561806 0.017188 0.026389
2 0.824609 0.641667 0.022656 0.236111
2 0.758594 0.202083 0.035937 0.254167
2 0.719141 0.193056 0.038281 0.263889
2 0.585156 0.159028 0.053125 0.306944
2 0.529688 0.156944 0.060938 0.286111
2 0.469922 0.028472 0.063281 0.051389
