1 0.717188 0.582639 0.100000 0.051389
1 0.732031 0.904861 0.101562 0.045833
1 0.425781 0.925694 0.068750 0.031944
1 0.425000 0.697222 0.062500 0.036111
1 0.431250 0.472222 0.070312 0.025000
1 0.433594 0.248611 0.073437 0.025000
1 0.263281 0.258333 0.051562 0.022222
1 0.267578 0.440972 0.052344 0.040278
1 0.266016 0.622917 0.047656 0.026389
1 0.269922 0.799306 0.055469 0.040278
2 0.734375 0.504861 0.257812 0.334722
2 0.740625 0.836111 0.259375 0.327778
2 0.431250 0.227778 0.171875 0.213889
2 0.430078 0.446528 0.177344 0.212500
2 0.428906 0.668750 0.175000 0.215278
2 0.423828 0.890972 0.175781 0.218056
2 0.260938 0.770139 0.129688 0.173611
2 0.262109 0.600694 0.125781 0.170833
2 0.264062 0.420139 0.129688 0.187500
2 0.265625 0.234028 0.140625 0.176389
