2 0.335938 0.234722 0.092188 0.216667
2 0.339844 0.600000 0.089062 0.480556
2 0.448438 0.262500 0.023438 0.130556
2 0.503516 0.263889 0.082031 0.127778
2 0.798828 0.276389 0.092969 0.155556
2 0.796875 0.473611 0.089062 0.227778
2 0.793750 0.678472 0.090625 0.168056
2 0.599609 0.647917 0.052344 0.173611
2 0.641797 0.288889 0.032031 0.072222
2 0.676953 0.291667 0.038281 0.069444
2 0.717578 0.290972 0.041406 0.070833
2 0.546484 0.636111 0.058594 0.166667
2 0.491797 0.632639 0.060156 0.145833
2 0.399609 0.693056 0.016406 0.211111
2 0.414453 0.679167 0.022656 0.194444
2 0.433594 0.664583 0.018750 0.179167
2 0.451172 0.652778 0.025781 0.161111
