1 0.078516 0.578472 0.027344 0.037500
1 0.226172 0.423611 0.017969 0.055556
1 0.207813 0.346528 0.028125 0.337500
1 0.079297 0.678472 0.021094 0.037500
1 0.091016 0.662500 0.019531 0.038889
2 0.062891 0.556944 0.103906 0.100000
2 0.051172 0.810417 0.060156 0.354167
2 0.099609 0.763889 0.036719 0.294444
3 0.189063 0.444444 0.067188 0.805556
0 0.305078 0.379167 0.127344 0.488889
2 0.448047 0.255556 0.077344 0.186111
2 0.531250 0.255556 0.085938 0.183333
2 0.605078 0.259722 0.055469 0.172222
2 0.676172 0.259028 0.069531 0.173611
2 0.706250 0.460417 0.040625 0.056944
2 0.757422 0.470139 0.049219 0.056944
1 0.484766 0.329861 0.013281 0.034722
1 0.498828 0.326389 0.014844 0.036111
1 0.582031 0.334028 0.017188 0.043056
1 0.701563 0.336111 0.015625 0.041667
1 0.702344 0.461111 0.017188 0.027778
1 0.753125 0.475694 0.023438 0.034722
