1 0.383203 0.472222 0.036719 0.069444
1 0.382422 0.593750 0.035156 0.073611
1 0.382812 0.702778 0.032812 0.063889
1 0.390234 0.337500 0.046094 0.077778
1 0.555859 0.322917 0.032031 0.068056
1 0.749609 0.309722 0.036719 0.058333
1 0.848828 0.302778 0.025781 0.055556
1 0.826953 0.403472 0.027344 0.054167
1 0.809766 0.492361 0.019531 0.056944
1 0.798047 0.575694 0.019531 0.045833
2 0.384375 0.321528 0.218750 0.068056
2 0.639844 0.309722 0.265625 0.069444
2 0.841016 0.292361 0.113281 0.070833
2 0.819922 0.392361 0.102344 0.106944
2 0.803125 0.493056 0.104687 0.088889
2 0.783203 0.585417 0.105469 0.076389
2 0.375000 0.456250 0.214062 0.129167
2 0.378516 0.584028 0.199219 0.118056
2 0.379297 0.706250 0.183594 0.101389
