1 0.700000 0.659722 0.043750 0.038889
1 0.702344 0.790278 0.037500 0.050000
1 0.701953 0.922917 0.035156 0.054167
1 0.501172 0.878472 0.030469 0.029167
1 0.500781 0.745139 0.037500 0.043056
1 0.496875 0.629861 0.034375 0.031944
1 0.355859 0.606944 0.033594 0.027778
1 0.360156 0.718056 0.035937 0.041667
1 0.371484 0.842361 0.033594 0.034722
1 0.221484 0.801389 0.038281 0.027778
1 0.211719 0.688889 0.032812 0.038889
1 0.205078 0.586806 0.030469 0.031944
2 0.204688 0.587500 0.154687 0.086111
2 0.213281 0.697917 0.146875 0.115278
2 0.220313 0.805556 0.137500 0.125000
2 0.440234 0.735417 0.280469 0.134722
2 0.441016 0.627083 0.280469 0.104167
2 0.444141 0.866667 0.261719 0.133333
2 0.708984 0.781944 0.228906 0.127778
2 0.708984 0.656944 0.239844 0.122222
2 0.712891 0.922917 0.227344 0.148611
