1 0.122656 0.622222 0.046875 0.258333
1 0.113672 0.338194 0.041406 0.276389
3 0.243750 0.343750 0.284375 0.259722
3 0.250000 0.749306 0.296875 0.495833
2 0.154297 0.102083 0.133594 0.143056
2 0.309766 0.111806 0.136719 0.143056
2 0.463281 0.202778 0.168750 0.308333
2 0.610156 0.120833 0.104687 0.141667
2 0.707031 0.136111 0.098438 0.127778
2 0.797656 0.223611 0.098438 0.272222
2 0.883203 0.226389 0.082031 0.261111
2 0.502344 0.784722 0.175000 0.227778
2 0.840625 0.686111 0.084375 0.102778
2 0.929297 0.668056 0.066406 0.102778
