3 0.213672 0.674306 0.222656 0.473611
3 0.207031 0.295139 0.223438 0.245833
1 0.610937 0.468750 0.023438 0.037500
1 0.730469 0.503472 0.025000 0.023611
2 0.682813 0.521528 0.100000 0.120833
2 0.591406 0.502083 0.065625 0.126389
1 0.378906 0.038889 0.021875 0.036111
1 0.356641 0.034028 0.022656 0.037500
1 0.468359 0.209028 0.025781 0.037500
1 0.558984 0.210417 0.028906 0.029167
1 0.698828 0.215278 0.027344 0.033333
2 0.672656 0.127778 0.084375 0.208333
2 0.584375 0.129167 0.073437 0.194444
2 0.498828 0.113889 0.080469 0.202778
2 0.409375 0.031944 0.078125 0.055556
2 0.314453 0.032639 0.102344 0.054167
