1 0.383203 0.489583 0.017969 0.026389
1 0.491016 0.485417 0.014844 0.020833
1 0.491016 0.528472 0.014844 0.029167
1 0.387109 0.526389 0.013281 0.027778
1 0.389844 0.566667 0.018750 0.027778
1 0.491016 0.570833 0.019531 0.019444
1 0.491406 0.609028 0.020312 0.018056
1 0.491797 0.641667 0.019531 0.027778
1 0.389453 0.607639 0.013281 0.026389
1 0.390234 0.641667 0.014844 0.027778
2 0.443359 0.639583 0.138281 0.031944
2 0.446094 0.607639 0.143750 0.040278
2 0.443750 0.570833 0.140625 0.038889
2 0.446875 0.527778 0.145313 0.047222
2 0.444922 0.480556 0.155469 0.033333
