1 0.548437 0.541667 0.171875 0.058333
3 0.546484 0.429861 0.183594 0.201389
3 0.546484 0.763889 0.171094 0.447222
1 0.752344 0.739583 0.023438 0.048611
1 0.716797 0.673611 0.025781 0.044444
1 0.808594 0.297222 0.021875 0.041667
1 0.022266 0.450000 0.014844 0.019444
1 0.025391 0.511806 0.013281 0.026389
1 0.028125 0.557639 0.017188 0.026389
1 0.030078 0.609722 0.016406 0.025000
2 0.767578 0.170833 0.103906 0.294444
2 0.716016 0.666667 0.092969 0.083333
2 0.719141 0.849306 0.089844 0.279167
1 0.873047 0.746528 0.167969 0.070833
1 0.854688 0.974306 0.076563 0.051389
2 0.024219 0.601389 0.048437 0.052778
2 0.024219 0.559722 0.040625 0.052778
2 0.023828 0.513194 0.042969 0.059722
2 0.021094 0.444444 0.039062 0.063889
2 0.017578 0.401389 0.035156 0.022222
