1 0.461328 0.536111 0.033594 0.155556
1 0.491016 0.520139 0.032031 0.145833
1 0.640625 0.461111 0.029687 0.111111
1 0.664844 0.457639 0.018750 0.109722
1 0.759375 0.417361 0.017188 0.101389
1 0.773828 0.406944 0.022656 0.088889
1 0.695703 0.745139 0.061719 0.034722
1 0.500000 0.912500 0.079687 0.052778
2 0.407031 0.453472 0.135937 0.765278
2 0.522266 0.445139 0.088281 0.726389
2 0.475000 0.897222 0.198437 0.088889
2 0.620703 0.405556 0.061719 0.586111
2 0.675000 0.406250 0.051562 0.587500
2 0.730078 0.393056 0.050781 0.516667
2 0.780078 0.372917 0.047656 0.462500
2 0.671094 0.756250 0.162500 0.076389
