1 0.071094 0.547222 0.025000 0.055556
1 0.641797 0.579861 0.025781 0.331944
1 0.615625 0.565278 0.021875 0.291667
1 0.498047 0.679861 0.019531 0.054167
1 0.474219 0.668750 0.023438 0.048611
1 0.372266 0.472222 0.017969 0.047222
1 0.359375 0.471528 0.015625 0.048611
1 0.354688 0.232639 0.015625 0.043056
1 0.366016 0.234028 0.016406 0.051389
1 0.522266 0.225694 0.025781 0.037500
0 0.116406 0.472222 0.159375 0.588889
2 0.343359 0.198611 0.044531 0.161111
2 0.383203 0.192361 0.044531 0.179167
2 0.352734 0.545833 0.050781 0.513889
2 0.392969 0.554861 0.059375 0.520833
2 0.456250 0.733333 0.062500 0.233333
2 0.511328 0.770139 0.050781 0.248611
2 0.503906 0.235417 0.065625 0.254167
3 0.589844 0.599306 0.092188 0.790278
3 0.718359 0.594444 0.158594 0.808333
