1 0.901563 0.413194 0.028125 0.148611
1 0.901563 0.565278 0.023438 0.144444
1 0.352734 0.325000 0.024219 0.075000
1 0.376953 0.325694 0.019531 0.084722
1 0.490625 0.327778 0.020312 0.077778
1 0.695703 0.261111 0.017969 0.063889
1 0.710938 0.259028 0.014062 0.051389
1 0.727734 0.648611 0.030469 0.027778
1 0.759375 0.715278 0.014062 0.055556
1 0.773047 0.702083 0.017969 0.073611
1 0.798437 0.633333 0.032812 0.030556
2 0.294141 0.190972 0.128906 0.362500
2 0.419922 0.201389 0.110156 0.325000
2 0.548437 0.220833 0.135937 0.300000
2 0.660547 0.184722 0.083594 0.205556
2 0.737500 0.202778 0.070312 0.180556
2 0.930078 0.395139 0.114844 0.173611
2 0.936719 0.654167 0.101562 0.344444
2 0.801562 0.635417 0.070312 0.059722
2 0.794922 0.768056 0.060156 0.191667
2 0.726172 0.784028 0.072656 0.212500
2 0.728906 0.642361 0.079687 0.059722
