1 0.241406 0.445833 0.042188 0.252778
1 0.246875 0.686806 0.051562 0.231944
3 0.450000 0.400000 0.409375 0.475000
3 0.439063 0.788889 0.379687 0.422222
1 0.857422 0.774306 0.091406 0.051389
1 0.844922 0.895833 0.094531 0.061111
2 0.850781 0.772917 0.298438 0.154167
2 0.850000 0.881944 0.298438 0.155556
2 0.794141 0.959028 0.217969 0.081944
2 0.860156 0.479861 0.279687 0.434722
2 0.865625 0.135417 0.268750 0.220833
1 0.523047 0.011806 0.030469 0.018056
1 0.460547 0.020139 0.030469 0.029167
1 0.219141 0.595139 0.028906 0.029167
1 0.223828 0.679861 0.028906 0.051389
2 0.412109 0.043056 0.141406 0.058333
2 0.593750 0.034028 0.206250 0.062500
2 0.193359 0.581944 0.072656 0.080556
2 0.203906 0.674306 0.078125 0.081944
