1 0.271875 0.308333 0.017188 0.072222
1 0.288281 0.309722 0.023438 0.069444
1 0.383203 0.477083 0.017969 0.054167
1 0.450781 0.451389 0.020312 0.038889
1 0.416406 0.364583 0.012500 0.054167
1 0.423438 0.366667 0.012500 0.041667
1 0.517578 0.450694 0.017969 0.045833
1 0.539062 0.450000 0.020312 0.041667
1 0.670703 0.319444 0.013281 0.041667
1 0.692969 0.315278 0.015625 0.047222
1 0.475000 0.815278 0.014062 0.063889
1 0.493359 0.758333 0.011719 0.052778
1 0.503125 0.748611 0.007812 0.055556
1 0.576953 0.709722 0.016406 0.038889
1 0.561328 0.661806 0.035156 0.031944
1 0.460938 0.770833 0.020312 0.036111
1 0.403906 0.863194 0.075000 0.112500
1 0.593750 0.457639 0.015625 0.154167
1 0.597656 0.613194 0.021875 0.151389
3 0.669141 0.459722 0.157031 0.144444
3 0.673437 0.706250 0.156250 0.334722
2 0.637500 0.312500 0.084375 0.063889
2 0.724219 0.311111 0.096875 0.077778
2 0.559766 0.659028 0.053906 0.062500
2 0.556250 0.759722 0.065625 0.141667
2 0.559766 0.380556 0.053906 0.191667
2 0.498828 0.388889 0.052344 0.188889
2 0.451562 0.387500 0.032812 0.188889
2 0.421875 0.331944 0.023438 0.119444
2 0.390234 0.327778 0.033594 0.144444
2 0.355859 0.386111 0.049219 0.294444
2 0.296875 0.274306 0.056250 0.162500
2 0.231641 0.270139 0.080469 0.187500
2 0.453516 0.775000 0.027344 0.063889
2 0.459375 0.884028 0.032812 0.151389
2 0.483594 0.825000 0.018750 0.155556
2 0.502344 0.780556 0.021875 0.147222
