1 0.151562 0.353472 0.048437 0.026389
1 0.155078 0.527778 0.055469 0.041667
1 0.159766 0.702778 0.047656 0.027778
1 0.163672 0.861806 0.050781 0.031944
1 0.773438 0.347222 0.039062 0.030556
1 0.769922 0.481944 0.036719 0.030556
1 0.768750 0.608333 0.032812 0.036111
1 0.761719 0.726389 0.032812 0.030556
1 0.756641 0.845833 0.030469 0.036111
2 0.166016 0.284722 0.330469 0.183333
2 0.170312 0.467361 0.326562 0.168056
2 0.169922 0.637500 0.322656 0.166667
2 0.162500 0.804861 0.325000 0.145833
2 0.768750 0.309028 0.198437 0.145833
2 0.764453 0.438194 0.194531 0.131944
2 0.763672 0.571528 0.189844 0.123611
2 0.757422 0.689583 0.185156 0.118056
2 0.753516 0.809028 0.188281 0.123611
0 0.901953 0.495833 0.047656 0.650000
