1 0.799609 0.603472 0.061719 0.034722
1 0.799609 0.202778 0.063281 0.027778
1 0.516406 0.591667 0.053125 0.030556
1 0.568750 0.229167 0.048437 0.036111
1 0.397656 0.250694 0.042188 0.026389
1 0.792578 0.979167 0.066406 0.041667
1 0.569922 0.905556 0.049219 0.041667
1 0.403125 0.829167 0.040625 0.036111
1 0.395703 0.543056 0.038281 0.038889
1 0.229687 0.281944 0.031250 0.022222
1 0.235156 0.519444 0.035937 0.030556
1 0.238281 0.757639 0.037500 0.043056
1 0.247656 0.984028 0.031250 0.031944
1 0.153906 0.927083 0.034375 0.037500
1 0.147266 0.722222 0.030469 0.033333
1 0.078125 0.690972 0.026563 0.037500
1 0.086719 0.874306 0.026563 0.037500
1 0.026563 0.835417 0.025000 0.037500
1 0.021094 0.666667 0.023438 0.041667
1 0.076172 0.497917 0.025781 0.037500
1 0.017188 0.486111 0.020312 0.033333
1 0.141016 0.512500 0.038281 0.036111
1 0.134766 0.295833 0.025781 0.025000
1 0.066797 0.300694 0.025781 0.031944
1 0.065234 0.102083 0.024219 0.031944
1 0.010156 0.133333 0.020312 0.016667
1 0.012109 0.309722 0.024219 0.022222
2 0.237891 0.266667 0.089844 0.177778
2 0.143750 0.286111 0.085938 0.163889
2 0.074219 0.107639 0.067188 0.115278
2 0.023438 0.123611 0.040625 0.150000
2 0.024219 0.306250 0.043750 0.143056
2 0.075781 0.303472 0.065625 0.140278
2 0.027734 0.479861 0.049219 0.137500
2 0.077734 0.478472 0.060156 0.165278
2 0.150000 0.488194 0.090625 0.168056
2 0.238672 0.508333 0.089844 0.194444
2 0.539062 0.568750 0.201562 0.284722
2 0.388281 0.527083 0.104687 0.226389
2 0.413281 0.243056 0.145313 0.200000
2 0.578906 0.220833 0.196875 0.255556
2 0.817969 0.195139 0.275000 0.281944
2 0.824609 0.579861 0.267969 0.318056
2 0.808594 0.901389 0.245312 0.197222
2 0.576563 0.863194 0.192188 0.262500
2 0.411719 0.802083 0.125000 0.231944
2 0.241016 0.734028 0.096094 0.184722
2 0.149609 0.697222 0.074219 0.150000
2 0.081250 0.669444 0.057813 0.138889
2 0.030469 0.654167 0.056250 0.130556
2 0.034375 0.832639 0.046875 0.137500
2 0.091797 0.876389 0.064844 0.158333
2 0.164844 0.922917 0.078125 0.154167
2 0.252344 0.937500 0.087500 0.125000
2 0.402734 0.044444 0.138281 0.063889
2 0.192188 0.053472 0.098438 0.098611
2 0.126563 0.072222 0.043750 0.105556
