1 0.528516 0.297917 0.024219 0.287500
1 0.529297 0.584028 0.028906 0.270833
1 0.369922 0.757639 0.016406 0.065278
1 0.329297 0.770833 0.019531 0.055556
1 0.247266 0.656250 0.052344 0.026389
1 0.131641 0.802083 0.021094 0.070833
1 0.053906 0.691667 0.032812 0.027778
2 0.088672 0.686111 0.108594 0.063889
2 0.097266 0.863194 0.108594 0.243056
2 0.246875 0.661111 0.185937 0.058333
2 0.254687 0.847222 0.189063 0.263889
2 0.432813 0.804861 0.170312 0.215278
3 0.623828 0.309028 0.200781 0.320833
3 0.609375 0.739583 0.185937 0.520833
