1 0.686328 0.806944 0.110156 0.063889
1 0.690234 0.621528 0.142969 0.043056
1 0.221094 0.868750 0.165625 0.065278
1 0.367188 0.770139 0.101562 0.076389
1 0.457422 0.709028 0.069531 0.056944
1 0.252734 0.963194 0.103906 0.073611
1 0.826563 0.678472 0.098438 0.056944
1 0.582031 0.645139 0.053125 0.037500
2 0.221484 0.791667 0.175781 0.072222
2 0.222656 0.902083 0.162500 0.087500
2 0.262109 0.968750 0.088281 0.062500
2 0.369141 0.890972 0.110156 0.181944
2 0.360938 0.725694 0.114063 0.054167
2 0.451562 0.675000 0.073437 0.058333
2 0.459766 0.806250 0.064844 0.176389
2 0.580469 0.720833 0.060938 0.155556
2 0.579297 0.626389 0.066406 0.033333
2 0.821094 0.658333 0.098438 0.050000
2 0.826953 0.779167 0.092969 0.191667
2 0.517578 0.402083 0.071094 0.143056
2 0.589453 0.393056 0.067969 0.136111
2 0.659375 0.350694 0.071875 0.079167
2 0.728906 0.343750 0.076563 0.081944
2 0.808203 0.359722 0.082031 0.177778
2 0.864453 0.352778 0.039844 0.186111
