1 0.394922 0.757639 0.153906 0.026389
1 0.558203 0.735417 0.180469 0.023611
1 0.480469 0.570833 0.337500 0.052778
1 0.486328 0.822917 0.274219 0.029167
1 0.810547 0.961111 0.046094 0.050000
1 0.798437 0.987500 0.026563 0.025000
1 0.328906 0.272222 0.053125 0.463889
1 0.274219 0.249306 0.050000 0.448611
3 0.467578 0.283333 0.450781 0.502778
3 0.488281 0.636111 0.385938 0.155556
3 0.571875 0.758333 0.201562 0.080556
3 0.382031 0.769444 0.175000 0.086111
3 0.496484 0.886111 0.317969 0.138889
2 0.807422 0.300000 0.132031 0.419444
2 0.960547 0.297917 0.078906 0.376389
