2 0.733984 0.885417 0.057031 0.204167
2 0.827734 0.938889 0.089844 0.122222
2 0.675781 0.841667 0.056250 0.194444
2 0.620703 0.771528 0.041406 0.176389
1 0.680859 0.546528 0.021094 0.031944
0 0.667969 0.390972 0.064062 0.351389
2 0.392969 0.308333 0.053125 0.180556
2 0.459375 0.256250 0.078125 0.084722
2 0.539453 0.247222 0.075781 0.083333
2 0.326953 0.265972 0.075781 0.104167
2 0.250000 0.266667 0.076563 0.102778
2 0.159375 0.313889 0.103125 0.180556
2 0.079297 0.307639 0.036719 0.220833
2 0.052734 0.300694 0.035156 0.215278
2 0.029687 0.307639 0.045313 0.251389
2 0.414844 0.658333 0.046875 0.141667
2 0.206641 0.665278 0.042969 0.180556
1 0.307813 0.561111 0.142188 0.022222
1 0.319531 0.700694 0.126563 0.026389
2 0.150781 0.843750 0.034375 0.168056
2 0.125000 0.912500 0.043750 0.150000
2 0.095312 0.970833 0.039062 0.058333
