2 0.252344 0.300694 0.085938 0.376389
2 0.332812 0.351389 0.068750 0.283333
1 0.560547 0.890972 0.019531 0.090278
1 0.575000 0.891667 0.017188 0.072222
1 0.731641 0.884028 0.019531 0.068056
1 0.750391 0.885417 0.014844 0.065278
1 0.918359 0.883333 0.013281 0.075000
1 0.933203 0.886111 0.014844 0.072222
1 0.203516 0.865278 0.021094 0.113889
1 0.229297 0.869444 0.027344 0.105556
1 0.739844 0.431250 0.015625 0.087500
1 0.758203 0.426389 0.017969 0.083333
2 0.685547 0.313889 0.119531 0.325000
2 0.803516 0.307639 0.116406 0.295833
2 0.563672 0.785417 0.022656 0.315278
2 0.610937 0.786806 0.078125 0.270833
2 0.695703 0.790278 0.082031 0.263889
2 0.784766 0.789583 0.089844 0.268056
2 0.873047 0.790278 0.085156 0.263889
2 0.957031 0.788889 0.085938 0.252778
2 0.301562 0.783333 0.150000 0.275000
2 0.114063 0.777083 0.193750 0.312500
