1 0.221484 0.234028 0.050781 0.051389
1 0.230078 0.471528 0.066406 0.068056
1 0.238672 0.681944 0.060156 0.066667
1 0.242578 0.886806 0.061719 0.062500
1 0.726562 0.897222 0.059375 0.061111
1 0.725000 0.686806 0.064062 0.056944
1 0.727734 0.462500 0.061719 0.061111
1 0.736719 0.222222 0.068750 0.050000
2 0.234375 0.170833 0.423438 0.197222
2 0.236719 0.400000 0.407813 0.197222
2 0.252344 0.611806 0.404687 0.218056
2 0.250000 0.821528 0.409375 0.204167
2 0.253516 0.959028 0.397656 0.081944
2 0.728906 0.963889 0.421875 0.072222
2 0.726172 0.827778 0.435156 0.208333
2 0.730859 0.617361 0.436719 0.206944
2 0.726562 0.398611 0.445312 0.213889
2 0.734375 0.164583 0.453125 0.240278
