1 0.624609 0.599306 0.039844 0.026389
1 0.712500 0.565278 0.025000 0.027778
1 0.671484 0.520833 0.014844 0.036111
1 0.685547 0.518056 0.011719 0.027778
1 0.773828 0.692361 0.039844 0.037500
1 0.803516 0.723611 0.010156 0.027778
1 0.815234 0.716667 0.017969 0.036111
1 0.846094 0.645139 0.021875 0.037500
1 0.928906 0.648611 0.020312 0.030556
1 0.931250 0.602083 0.015625 0.029167
1 0.932813 0.565278 0.015625 0.027778
1 0.940625 0.529167 0.015625 0.025000
1 0.887500 0.593750 0.017188 0.026389
1 0.551172 0.742361 0.047656 0.037500
1 0.547656 0.802778 0.042188 0.030556
1 0.549219 0.870833 0.031250 0.044444
1 0.546875 0.961806 0.046875 0.029167
1 0.353906 0.929861 0.021875 0.043056
1 0.318359 0.947917 0.030469 0.043056
2 0.542969 0.756944 0.103125 0.044444
2 0.544141 0.809028 0.105469 0.034722
2 0.547266 0.869444 0.096094 0.052778
2 0.541016 0.952083 0.111719 0.087500
2 0.619531 0.597917 0.090625 0.056944
2 0.712891 0.557639 0.069531 0.037500
2 0.627734 0.326389 0.102344 0.433333
2 0.712891 0.335417 0.060156 0.390278
2 0.798047 0.656944 0.119531 0.052778
2 0.757422 0.819444 0.061719 0.197222
2 0.832422 0.759722 0.052344 0.155556
2 0.890234 0.636806 0.033594 0.123611
2 0.935938 0.525000 0.037500 0.030556
2 0.934766 0.565972 0.033594 0.037500
2 0.930469 0.606250 0.029687 0.034722
2 0.926172 0.652778 0.038281 0.050000
2 0.401563 0.943750 0.121875 0.112500
2 0.256250 0.968056 0.150000 0.063889
