1 0.248437 0.381250 0.035937 0.029167
1 0.252734 0.490278 0.038281 0.033333
1 0.251563 0.588889 0.032812 0.038889
1 0.255859 0.696528 0.035156 0.045833
1 0.258594 0.821528 0.031250 0.034722
1 0.368359 0.843750 0.057031 0.037500
1 0.366406 0.700000 0.062500 0.055556
1 0.366406 0.592361 0.053125 0.040278
1 0.367188 0.492361 0.054688 0.043056
1 0.360938 0.382639 0.073437 0.040278
2 0.361719 0.392361 0.146875 0.079167
2 0.252734 0.400000 0.061719 0.066667
2 0.256250 0.495139 0.064062 0.093056
2 0.360156 0.500000 0.142188 0.083333
2 0.369141 0.601389 0.128906 0.086111
2 0.257422 0.600000 0.064844 0.083333
2 0.262109 0.714583 0.072656 0.137500
2 0.363672 0.721528 0.141406 0.095833
2 0.367969 0.838889 0.137500 0.097222
2 0.259375 0.840972 0.057813 0.120833
