3 0.235156 0.714583 0.037500 0.462500
3 0.249609 0.981944 0.025781 0.036111
1 0.306641 0.681944 0.017969 0.033333
1 0.321484 0.684722 0.016406 0.038889
2 0.281250 0.779861 0.064062 0.201389
2 0.350000 0.755556 0.067188 0.194444
2 0.517969 0.703472 0.037500 0.156944
2 0.558594 0.693750 0.042188 0.143056
2 0.607813 0.693056 0.046875 0.125000
2 0.651563 0.678472 0.045313 0.101389
1 0.776172 0.420833 0.014844 0.038889
1 0.788281 0.425000 0.018750 0.041667
2 0.741406 0.373611 0.073437 0.116667
2 0.823438 0.360417 0.090625 0.156944
1 0.341016 0.423611 0.017969 0.030556
2 0.298828 0.341667 0.091406 0.188889
2 0.507031 0.364583 0.054688 0.148611
1 0.453125 0.698611 0.067188 0.038889
1 0.452734 0.659722 0.074219 0.027778
