1 0.248437 0.693750 0.037500 0.045833
1 0.254297 0.822917 0.036719 0.065278
1 0.257422 0.971528 0.035156 0.051389
1 0.705469 0.905556 0.023438 0.050000
1 0.716016 0.787500 0.032031 0.069444
1 0.719141 0.670833 0.027344 0.055556
1 0.725391 0.540972 0.030469 0.062500
1 0.946094 0.472222 0.021875 0.052778
1 0.929297 0.588889 0.038281 0.055556
1 0.915625 0.700694 0.023438 0.054167
1 0.907812 0.807639 0.032812 0.054167
2 0.457031 0.617361 0.517187 0.137500
2 0.452344 0.744444 0.543750 0.097222
2 0.458594 0.840278 0.507812 0.102778
2 0.455078 0.943056 0.507031 0.100000
2 0.894531 0.802083 0.209375 0.090278
2 0.897266 0.705556 0.205469 0.080556
2 0.903906 0.606944 0.192188 0.105556
2 0.905078 0.502083 0.189844 0.093056
