1 0.752734 0.562500 0.019531 0.055556
1 0.680078 0.693056 0.036719 0.030556
1 0.273047 0.708333 0.038281 0.038889
1 0.279297 0.831250 0.033594 0.048611
1 0.283984 0.959722 0.024219 0.052778
1 0.374219 0.858333 0.026563 0.044444
1 0.371484 0.747917 0.028906 0.048611
1 0.369141 0.652778 0.025781 0.041667
1 0.516797 0.473611 0.021094 0.055556
1 0.185156 0.255556 0.021875 0.083333
1 0.203516 0.255556 0.027344 0.077778
1 0.484766 0.576389 0.014844 0.027778
1 0.483594 0.637500 0.017188 0.033333
1 0.485938 0.694444 0.018750 0.044444
1 0.485547 0.754861 0.019531 0.034722
1 0.890625 0.492361 0.035937 0.276389
1 0.437891 0.653472 0.058594 0.059722
2 0.147266 0.161111 0.088281 0.313889
2 0.224219 0.175000 0.067188 0.302778
2 0.267969 0.709028 0.117188 0.073611
2 0.268750 0.804167 0.120312 0.105556
2 0.274219 0.931250 0.109375 0.109722
2 0.370703 0.861111 0.077344 0.088889
2 0.367578 0.764583 0.082031 0.087500
2 0.364062 0.671528 0.081250 0.095833
2 0.480859 0.584722 0.041406 0.063889
2 0.483984 0.640278 0.038281 0.047222
2 0.483984 0.698611 0.036719 0.066667
2 0.484375 0.754861 0.046875 0.043056
2 0.557422 0.413889 0.117969 0.691667
2 0.678906 0.679167 0.125000 0.094444
2 0.798437 0.619444 0.106250 0.230556
3 0.921094 0.618750 0.054688 0.762500
2 0.284375 0.162500 0.057813 0.311111
2 0.428516 0.190972 0.039844 0.251389
1 0.951172 0.137500 0.014844 0.083333
