1 0.097656 0.479167 0.037500 0.044444
1 0.552734 0.595139 0.055469 0.054167
1 0.555078 0.735417 0.041406 0.062500
1 0.126953 0.597917 0.032031 0.051389
1 0.147266 0.704167 0.033594 0.055556
1 0.548828 0.873611 0.050781 0.058333
1 0.172656 0.820139 0.035937 0.051389
1 0.194922 0.930556 0.028906 0.041667
1 0.541797 0.984722 0.039844 0.030556
2 0.143750 0.480556 0.262500 0.113889
2 0.620703 0.599306 0.586719 0.195833
2 0.433594 0.667361 0.756250 0.179167
2 0.428906 0.774306 0.715625 0.237500
2 0.317578 0.871528 0.474219 0.154167
2 0.229297 0.930556 0.255469 0.105556
