0 0.369531 0.540278 0.193750 0.838889
1 0.439453 0.643750 0.042969 0.040278
1 0.525781 0.569444 0.028125 0.022222
1 0.826563 0.422222 0.035937 0.033333
1 0.788281 0.417361 0.031250 0.037500
1 0.161328 0.122917 0.044531 0.054167
1 0.085547 0.098611 0.053906 0.052778
1 0.239844 0.943750 0.045313 0.040278
3 0.488281 0.419444 0.040625 0.163889
3 0.490234 0.693750 0.035156 0.365278
2 0.525000 0.645833 0.026563 0.177778
2 0.868359 0.251389 0.052344 0.438889
2 0.817578 0.264583 0.038281 0.373611
2 0.790625 0.298611 0.026563 0.275000
2 0.253125 0.954861 0.067188 0.090278
2 0.165625 0.100694 0.082813 0.143056
2 0.067578 0.088194 0.102344 0.112500
