1 0.314063 0.543750 0.051562 0.229167
1 0.514453 0.753472 0.369531 0.059722
1 0.536328 0.275694 0.017969 0.054167
1 0.489062 0.281250 0.015625 0.051389
1 0.253516 0.437500 0.019531 0.047222
1 0.260156 0.502083 0.026563 0.065278
1 0.875391 0.424306 0.024219 0.059722
1 0.917188 0.758333 0.015625 0.058333
1 0.944141 0.824306 0.016406 0.062500
1 0.958594 0.850000 0.017188 0.063889
1 0.890625 0.709028 0.017188 0.054167
3 0.507812 0.543750 0.407813 0.368056
3 0.508984 0.831250 0.380469 0.209722
2 0.227344 0.289583 0.106250 0.362500
2 0.238281 0.684722 0.103125 0.416667
2 0.410156 0.203472 0.207813 0.215278
2 0.614844 0.209028 0.214062 0.220833
2 0.823047 0.285417 0.147656 0.343056
2 0.975000 0.918056 0.042188 0.141667
2 0.944531 0.892361 0.034375 0.215278
2 0.913281 0.848611 0.029687 0.219444
2 0.885156 0.787500 0.032812 0.247222
