1 0.483203 0.557639 0.024219 0.159722
1 0.484766 0.377778 0.017969 0.175000
3 0.579297 0.387500 0.217969 0.177778
3 0.581250 0.654167 0.210938 0.322222
1 0.800000 0.275694 0.020312 0.037500
1 0.814844 0.274306 0.017188 0.037500
1 0.795703 0.559722 0.021094 0.030556
1 0.816797 0.560417 0.014844 0.037500
2 0.760938 0.552083 0.076563 0.495833
2 0.854688 0.440278 0.082813 0.258333
2 0.856641 0.220833 0.083594 0.152778
2 0.766406 0.223611 0.103125 0.147222
2 0.428906 0.719444 0.071875 0.163889
1 0.425391 0.597917 0.021094 0.020833
2 0.426562 0.597917 0.068750 0.051389
2 0.332812 0.781944 0.048437 0.186111
2 0.360156 0.743056 0.035937 0.163889
2 0.075391 0.158333 0.080469 0.208333
2 0.302344 0.274306 0.035937 0.248611
2 0.353125 0.283333 0.062500 0.219444
2 0.422266 0.283333 0.069531 0.205556
2 0.527734 0.227778 0.113281 0.088889
2 0.646094 0.222917 0.101562 0.098611
2 0.875000 0.736806 0.075000 0.079167
1 0.859766 0.734722 0.028906 0.041667
1 0.985547 0.884722 0.028906 0.052778
1 0.779688 0.659028 0.026563 0.043056
1 0.792578 0.813889 0.019531 0.030556
1 0.791406 0.918056 0.014062 0.047222
1 0.798047 0.738194 0.016406 0.029167
1 0.845312 0.835417 0.009375 0.034722
1 0.854297 0.850000 0.017969 0.036111
2 0.970703 0.867361 0.058594 0.118056
2 0.961719 0.959028 0.068750 0.081944
2 0.885156 0.912500 0.064062 0.175000
2 0.837891 0.883333 0.038281 0.233333
2 0.801562 0.731250 0.039062 0.043056
2 0.784766 0.656250 0.039844 0.051389
2 0.798437 0.819444 0.046875 0.072222
2 0.802734 0.923611 0.044531 0.102778
1 0.157813 0.845833 0.160938 0.138889
1 0.049219 0.201389 0.021875 0.061111
