1 0.803125 0.475000 0.026563 0.108333
1 0.855859 0.472222 0.028906 0.119444
1 0.931641 0.661111 0.024219 0.144444
1 0.862500 0.634722 0.018750 0.116667
1 0.847266 0.629167 0.021094 0.108333
1 0.802344 0.615278 0.017188 0.088889
1 0.535937 0.615278 0.126563 0.013889
1 0.535937 0.574306 0.126563 0.023611
1 0.687109 0.540972 0.127344 0.023611
1 0.672266 0.578472 0.096094 0.018056
1 0.644141 0.614583 0.039844 0.020833
1 0.536719 0.540278 0.125000 0.016667
1 0.386719 0.540972 0.125000 0.018056
1 0.386328 0.576389 0.125781 0.011111
1 0.385156 0.612500 0.121875 0.016667
1 0.092578 0.648611 0.016406 0.138889
1 0.109375 0.642361 0.014062 0.134722
1 0.186328 0.614583 0.013281 0.109722
1 0.195312 0.617361 0.009375 0.118056
1 0.245312 0.558333 0.045313 0.027778
1 0.244141 0.604861 0.044531 0.018056
1 0.244922 0.650000 0.046094 0.027778
1 0.244922 0.697222 0.047656 0.033333
1 0.286328 0.581250 0.013281 0.079167
1 0.300781 0.575694 0.014062 0.073611
1 0.882422 0.217361 0.053906 0.056944
1 0.960547 0.159722 0.066406 0.052778
2 0.967969 0.093056 0.064062 0.152778
2 0.896875 0.144444 0.062500 0.144444
2 0.839063 0.332639 0.051562 0.398611
2 0.800781 0.352083 0.025000 0.376389
2 0.805078 0.654861 0.019531 0.201389
2 0.839063 0.684722 0.048437 0.236111
2 0.896484 0.723611 0.061719 0.258333
2 0.964844 0.732639 0.070312 0.323611
2 0.057422 0.713889 0.060156 0.277778
2 0.115625 0.694444 0.045313 0.247222
2 0.164062 0.676389 0.042188 0.216667
2 0.200000 0.660417 0.023438 0.198611
2 0.237500 0.561111 0.054688 0.047222
2 0.239063 0.619444 0.046875 0.052778
2 0.239453 0.665972 0.049219 0.043056
2 0.239844 0.713889 0.056250 0.047222
2 0.283984 0.609028 0.028906 0.143056
2 0.306641 0.601389 0.025781 0.152778
2 0.386328 0.546528 0.150781 0.045833
2 0.389062 0.586806 0.142188 0.037500
2 0.388281 0.631944 0.140625 0.063889
2 0.534766 0.545139 0.147656 0.043056
2 0.535547 0.583333 0.142969 0.044444
2 0.536328 0.637500 0.150781 0.066667
2 0.671875 0.545833 0.132812 0.030556
2 0.639063 0.580556 0.057813 0.030556
2 0.635547 0.622917 0.058594 0.059722
