1 0.801953 0.154167 0.022656 0.044444
1 0.840625 0.145833 0.018750 0.036111
1 0.795313 0.690972 0.015625 0.037500
1 0.834375 0.692361 0.014062 0.037500
1 0.832422 0.745833 0.016406 0.027778
1 0.790625 0.735417 0.017188 0.031944
1 0.582031 0.644444 0.042188 0.038889
1 0.332422 0.606250 0.035156 0.031944
1 0.397266 0.220139 0.021094 0.029167
1 0.509766 0.203472 0.024219 0.026389
1 0.537109 0.195833 0.025781 0.027778
1 0.265234 0.638889 0.016406 0.022222
1 0.265234 0.689583 0.022656 0.023611
1 0.268359 0.756944 0.019531 0.027778
1 0.173438 0.620833 0.015625 0.025000
1 0.210547 0.585417 0.017969 0.018056
1 0.228125 0.586111 0.014062 0.027778
1 0.201953 0.252778 0.016406 0.022222
1 0.216797 0.250000 0.019531 0.027778
0 0.364844 0.554167 0.106250 0.488889
0 0.607813 0.569444 0.095312 0.633333
2 0.167578 0.220833 0.078906 0.100000
2 0.257422 0.209722 0.100781 0.100000
2 0.355469 0.179861 0.093750 0.126389
2 0.469141 0.165972 0.110156 0.134722
2 0.593750 0.140972 0.129688 0.140278
2 0.750781 0.109028 0.146875 0.154167
2 0.903906 0.097222 0.146875 0.130556
2 0.742188 0.469444 0.142188 0.461111
2 0.910937 0.475000 0.168750 0.486111
2 0.898438 0.847222 0.168750 0.255556
2 0.747266 0.831250 0.128906 0.259722
2 0.257812 0.445833 0.090625 0.308333
2 0.172266 0.450694 0.075781 0.295833
2 0.183594 0.621528 0.071875 0.045833
2 0.180859 0.671528 0.069531 0.043056
2 0.183984 0.722917 0.063281 0.062500
2 0.262500 0.678472 0.085938 0.065278
2 0.264062 0.632639 0.087500 0.051389
2 0.268750 0.749306 0.084375 0.076389
