1 0.583203 0.170139 0.046094 0.090278
1 0.596484 0.553472 0.041406 0.073611
1 0.120703 0.606944 0.063281 0.441667
1 0.025000 0.633333 0.046875 0.477778
1 0.808594 0.500000 0.043750 0.233333
1 0.842188 0.494444 0.029687 0.236111
1 0.967578 0.485417 0.038281 0.056944
1 0.964453 0.752778 0.027344 0.063889
1 0.968359 0.259722 0.036719 0.050000
2 0.559766 0.149306 0.228906 0.240278
2 0.958984 0.259722 0.078906 0.119444
2 0.956641 0.473611 0.086719 0.252778
2 0.951953 0.734028 0.096094 0.223611
2 0.864062 0.620833 0.076563 0.555556
2 0.751953 0.664583 0.102344 0.629167
2 0.560156 0.907639 0.210938 0.184722
2 0.561328 0.515278 0.225781 0.411111
2 0.258203 0.644444 0.342969 0.711111
2 0.037109 0.632639 0.066406 0.734722
