1 0.517969 0.662500 0.021875 0.052778
1 0.485547 0.663194 0.021094 0.045833
1 0.766406 0.504167 0.026563 0.041667
1 0.758984 0.651389 0.021094 0.050000
1 0.748438 0.799306 0.021875 0.045833
1 0.253125 0.810417 0.018750 0.051389
1 0.243750 0.650694 0.023438 0.034722
1 0.235156 0.504167 0.025000 0.041667
2 0.239844 0.500694 0.140625 0.104167
2 0.243750 0.640972 0.129688 0.131944
2 0.251953 0.804861 0.127344 0.115278
2 0.424219 0.638889 0.148438 0.497222
2 0.572656 0.636111 0.146875 0.502778
2 0.765625 0.500000 0.142188 0.100000
2 0.757422 0.646528 0.116406 0.118056
2 0.750000 0.797222 0.120312 0.119444
