1 0.573438 0.378472 0.017188 0.101389
1 0.596094 0.805556 0.017188 0.097222
1 0.647656 0.698611 0.065625 0.025000
1 0.517187 0.713194 0.070312 0.029167
1 0.567578 0.800694 0.017969 0.098611
1 0.218750 0.823611 0.015625 0.100000
1 0.141016 0.729167 0.086719 0.030556
1 0.341016 0.156250 0.069531 0.029167
0 0.881250 0.502778 0.228125 0.925000
2 0.646094 0.701389 0.110937 0.047222
2 0.641016 0.860417 0.111719 0.243056
2 0.514844 0.859028 0.121875 0.240278
2 0.514063 0.711111 0.131250 0.061111
2 0.620313 0.253472 0.110937 0.365278
2 0.331641 0.109722 0.197656 0.138889
2 0.160547 0.728472 0.139844 0.048611
2 0.165625 0.877083 0.129688 0.223611
