1 0.808594 0.890972 0.176563 0.120833
1 0.602344 0.772917 0.137500 0.104167
1 0.433984 0.680556 0.133594 0.088889
1 0.434766 0.515278 0.135156 0.077778
1 0.274219 0.444444 0.131250 0.077778
1 0.153125 0.396528 0.073437 0.048611
1 0.157813 0.517361 0.070312 0.059722
1 0.274609 0.584028 0.136719 0.098611
1 0.287109 0.837500 0.138281 0.133333
1 0.431250 0.949306 0.114063 0.101389
1 0.161719 0.729861 0.070312 0.084722
2 0.181641 0.428472 0.121094 0.120833
2 0.295312 0.472222 0.145313 0.144444
2 0.456250 0.545833 0.189063 0.158333
2 0.623047 0.840972 0.172656 0.318056
2 0.825781 0.904167 0.207813 0.191667
2 0.447266 0.762500 0.182031 0.250000
2 0.441016 0.934028 0.175781 0.131944
2 0.293359 0.684722 0.146094 0.288889
2 0.168750 0.604167 0.104687 0.200000
2 0.176563 0.836806 0.090625 0.240278
2 0.280859 0.904861 0.138281 0.184722
