1 0.577734 0.678472 0.016406 0.037500
1 0.671484 0.641667 0.024219 0.036111
1 0.741406 0.722917 0.028125 0.043056
1 0.775781 0.733333 0.021875 0.038889
1 0.831250 0.289583 0.021875 0.037500
1 0.658203 0.290278 0.024219 0.027778
1 0.633203 0.293056 0.022656 0.036111
1 0.388672 0.673611 0.021094 0.038889
1 0.395312 0.809722 0.028125 0.055556
2 0.397266 0.666667 0.122656 0.144444
2 0.403125 0.809722 0.117188 0.144444
2 0.527734 0.772222 0.124219 0.300000
2 0.680859 0.632639 0.160156 0.106944
2 0.682031 0.830556 0.154687 0.288889
2 0.869141 0.854861 0.203906 0.290278
2 0.912109 0.168056 0.175781 0.288889
2 0.732031 0.167361 0.168750 0.268056
2 0.578906 0.176389 0.135937 0.250000
2 0.464844 0.107639 0.073437 0.131944
1 0.440625 0.148611 0.020312 0.047222
1 0.419531 0.157639 0.020312 0.029167
2 0.397266 0.109722 0.063281 0.125000
