1 0.542188 0.253472 0.020312 0.034722
1 0.531641 0.602778 0.017969 0.027778
1 0.533984 0.640278 0.024219 0.027778
1 0.381641 0.271528 0.016406 0.034722
1 0.377734 0.570833 0.022656 0.027778
1 0.377734 0.611111 0.019531 0.027778
1 0.358203 0.609722 0.021094 0.025000
1 0.358203 0.577083 0.016406 0.023611
1 0.361328 0.268056 0.019531 0.038889
1 0.238672 0.284722 0.017969 0.030556
1 0.241797 0.550000 0.019531 0.033333
1 0.240625 0.583333 0.017188 0.027778
2 0.211328 0.217361 0.071094 0.151389
2 0.215234 0.440972 0.075781 0.248611
2 0.216016 0.661111 0.075781 0.188889
2 0.305469 0.679167 0.109375 0.222222
2 0.315234 0.442361 0.100781 0.276389
2 0.319141 0.202778 0.102344 0.172222
2 0.448047 0.193750 0.147656 0.193056
2 0.445703 0.451389 0.144531 0.288889
2 0.437891 0.721528 0.150781 0.245833
2 0.599219 0.763889 0.153125 0.258333
2 0.604297 0.455556 0.149219 0.333333
2 0.621094 0.155556 0.162500 0.208333
