1 0.646094 0.491667 0.034375 0.325000
1 0.619531 0.491667 0.026563 0.333333
3 0.580859 0.590278 0.107031 0.758333
3 0.732031 0.577083 0.190625 0.845833
1 0.491406 0.801389 0.023438 0.036111
1 0.444531 0.771528 0.021875 0.034722
2 0.472656 0.797222 0.104687 0.105556
1 0.458984 0.518750 0.088281 0.029167
1 0.382031 0.595139 0.015625 0.026389
1 0.318359 0.577778 0.014844 0.019444
1 0.297656 0.575694 0.015625 0.034722
1 0.300781 0.622917 0.015625 0.029167
1 0.319141 0.631944 0.016406 0.033333
1 0.320312 0.690278 0.017188 0.027778
1 0.301172 0.683333 0.013281 0.030556
1 0.260156 0.562500 0.017188 0.019444
2 0.383594 0.592361 0.053125 0.034722
2 0.442578 0.160417 0.049219 0.168056
2 0.500391 0.120833 0.058594 0.172222
2 0.596875 0.073611 0.104687 0.108333
2 0.728516 0.053472 0.142969 0.056944
2 0.398047 0.706944 0.033594 0.127778
2 0.367969 0.690972 0.037500 0.129167
2 0.321094 0.584722 0.021875 0.030556
2 0.321094 0.631250 0.025000 0.048611
2 0.325000 0.689583 0.023438 0.056944
2 0.300781 0.676389 0.026563 0.041667
2 0.300391 0.624306 0.025781 0.051389
2 0.295703 0.565278 0.030469 0.033333
2 0.260156 0.562500 0.037500 0.036111
2 0.265234 0.620139 0.025781 0.079167
2 0.285937 0.362500 0.025000 0.158333
2 0.398047 0.303472 0.022656 0.240278
