1 0.835547 0.500000 0.032031 0.272222
1 0.834766 0.739583 0.025781 0.181944
1 0.706250 0.698611 0.165625 0.094444
1 0.693359 0.871528 0.030469 0.026389
1 0.559766 0.779167 0.021094 0.025000
1 0.485156 0.733333 0.017188 0.027778
1 0.481250 0.565972 0.018750 0.026389
1 0.966797 0.049306 0.021094 0.031944
1 0.933984 0.058333 0.013281 0.027778
1 0.023828 0.505556 0.022656 0.033333
0 0.068750 0.475694 0.098438 0.365278
2 0.500391 0.294444 0.036719 0.208333
2 0.540625 0.277778 0.046875 0.227778
2 0.580469 0.204861 0.037500 0.120833
2 0.626953 0.179861 0.044531 0.148611
2 0.696875 0.145139 0.078125 0.137500
2 0.768750 0.117361 0.082813 0.173611
1 0.739453 0.195139 0.014844 0.043056
1 0.719531 0.203472 0.020312 0.029167
2 0.878906 0.050694 0.110937 0.093056
2 0.976172 0.035417 0.047656 0.062500
3 0.914453 0.394444 0.171094 0.502778
3 0.917188 0.814583 0.165625 0.326389
2 0.721875 0.883333 0.146875 0.075000
2 0.591406 0.684028 0.051562 0.120833
2 0.543359 0.662500 0.053906 0.125000
2 0.568750 0.780556 0.100000 0.083333
2 0.489844 0.731250 0.067188 0.062500
2 0.489453 0.563889 0.058594 0.044444
