1 0.421875 0.683333 0.045313 0.233333
1 0.423828 0.404167 0.038281 0.258333
3 0.345703 0.409722 0.186719 0.255556
3 0.370313 0.751389 0.181250 0.461111
1 0.534375 0.743056 0.020312 0.033333
1 0.507422 0.788889 0.019531 0.027778
1 0.739062 0.813194 0.310937 0.159722
1 0.765234 0.197222 0.025781 0.047222
1 0.810938 0.197917 0.025000 0.040278
1 0.627734 0.384722 0.017969 0.036111
1 0.221094 0.254167 0.025000 0.033333
2 0.190234 0.189583 0.075781 0.159722
2 0.219531 0.601389 0.076563 0.533333
2 0.533594 0.886111 0.062500 0.227778
2 0.541406 0.735417 0.064062 0.079167
2 0.598047 0.214583 0.078906 0.362500
2 0.506641 0.168056 0.088281 0.158333
2 0.418359 0.184028 0.064844 0.134722
2 0.717578 0.128472 0.121094 0.218056
2 0.879297 0.118750 0.185156 0.204167
