1 0.944922 0.314583 0.021094 0.084722
1 0.946484 0.203472 0.019531 0.076389
1 0.930078 0.206944 0.013281 0.083333
1 0.927734 0.318056 0.016406 0.083333
1 0.014062 0.465278 0.028125 0.238889
1 0.026953 0.459028 0.041406 0.231944
3 0.072656 0.429861 0.120312 0.406944
1 0.289453 0.314583 0.021094 0.076389
1 0.192578 0.563889 0.046094 0.030556
1 0.275391 0.564583 0.058594 0.034722
1 0.534375 0.238889 0.015625 0.075000
1 0.457422 0.317361 0.014844 0.056944
1 0.622656 0.237500 0.018750 0.072222
1 0.637500 0.234028 0.014062 0.076389
1 0.735547 0.317361 0.019531 0.076389
2 0.878125 0.401389 0.115625 0.241667
2 0.970312 0.399306 0.059375 0.251389
2 0.971484 0.146528 0.057031 0.218056
2 0.882812 0.143056 0.115625 0.252778
2 0.776953 0.197917 0.086719 0.312500
2 0.682813 0.163194 0.101562 0.220833
2 0.587500 0.173611 0.090625 0.205556
2 0.501953 0.186806 0.072656 0.187500
2 0.426953 0.226389 0.075781 0.236111
2 0.183984 0.567361 0.080469 0.037500
2 0.342969 0.218056 0.076563 0.258333
2 0.131250 0.187500 0.098438 0.300000
