1 0.726562 0.730556 0.018750 0.066667
1 0.764453 0.741667 0.024219 0.061111
1 0.901563 0.692361 0.042188 0.026389
1 0.898828 0.777778 0.053906 0.027778
1 0.889844 0.860417 0.054688 0.029167
1 0.887891 0.938889 0.038281 0.036111
1 0.614453 0.784722 0.035156 0.027778
1 0.614062 0.851389 0.035937 0.027778
1 0.615625 0.709028 0.040625 0.023611
1 0.617969 0.634722 0.035937 0.027778
2 0.705078 0.793056 0.080469 0.211111
2 0.788672 0.815972 0.086719 0.220833
2 0.903125 0.688889 0.095312 0.072222
2 0.899609 0.770139 0.097656 0.073611
2 0.897656 0.860417 0.092188 0.076389
2 0.901563 0.939583 0.093750 0.070833
2 0.617969 0.848611 0.075000 0.072222
2 0.618359 0.775694 0.072656 0.062500
2 0.617969 0.711806 0.068750 0.070833
2 0.620703 0.636806 0.063281 0.068056
1 0.379687 0.575000 0.023438 0.091667
