1 0.247266 0.671528 0.094531 0.034722
1 0.603906 0.668056 0.070312 0.027778
1 0.853125 0.567361 0.046875 0.029167
1 0.531641 0.425000 0.064844 0.033333
1 0.354688 0.426389 0.068750 0.025000
1 0.253516 0.428472 0.082031 0.037500
2 0.205859 0.336806 0.197656 0.209722
2 0.394531 0.340278 0.181250 0.186111
2 0.567187 0.348611 0.168750 0.194444
2 0.597656 0.742361 0.201562 0.168056
2 0.398047 0.755556 0.185156 0.169444
2 0.203906 0.756944 0.187500 0.194444
3 0.843359 0.536806 0.222656 0.104167
3 0.835156 0.726389 0.198437 0.283333
