1 0.579687 0.530556 0.070312 0.033333
1 0.578125 0.609722 0.059375 0.033333
1 0.582422 0.681944 0.060156 0.036111
1 0.748438 0.868750 0.025000 0.073611
2 0.584375 0.548611 0.339063 0.063889
2 0.588281 0.621528 0.337500 0.073611
2 0.589844 0.693056 0.323438 0.069444
2 0.587891 0.828472 0.341406 0.184722
1 0.919531 0.700694 0.123438 0.037500
1 0.917188 0.894444 0.114063 0.038889
2 0.902344 0.888194 0.195312 0.084722
2 0.901172 0.736111 0.197656 0.169444
1 0.171094 0.811806 0.068750 0.037500
3 0.200000 0.822222 0.356250 0.172222
1 0.075391 0.411111 0.125781 0.038889
3 0.194922 0.431944 0.364844 0.611111
2 0.734375 0.046528 0.440625 0.068056
2 0.308594 0.050694 0.395312 0.068056
