1 0.764844 0.348611 0.039062 0.391667
1 0.774609 0.694444 0.047656 0.275000
3 0.883594 0.273611 0.232812 0.463889
3 0.891016 0.768750 0.217969 0.462500
1 0.608984 0.096528 0.025781 0.126389
1 0.575391 0.104861 0.024219 0.115278
1 0.352344 0.109722 0.026563 0.122222
1 0.319531 0.113194 0.020312 0.126389
1 0.146875 0.126389 0.020312 0.166667
2 0.270703 0.115278 0.130469 0.225000
2 0.411328 0.115972 0.150781 0.223611
2 0.541797 0.121528 0.107031 0.204167
2 0.642187 0.120139 0.101562 0.206944
2 0.238281 0.945833 0.128125 0.108333
2 0.397656 0.974306 0.143750 0.051389
