1 0.329297 0.216667 0.021094 0.041667
1 0.564062 0.302778 0.026563 0.030556
1 0.567969 0.400694 0.018750 0.029167
1 0.994922 0.406250 0.010156 0.040278
1 0.993750 0.561111 0.012500 0.041667
1 0.331641 0.334028 0.014844 0.031944
1 0.332031 0.444444 0.017188 0.033333
1 0.248437 0.297222 0.026563 0.030556
1 0.246094 0.205556 0.021875 0.019444
2 0.247656 0.197222 0.059375 0.063889
2 0.252344 0.330556 0.075000 0.183333
2 0.334766 0.213889 0.103906 0.100000
2 0.338281 0.323611 0.100000 0.116667
2 0.343359 0.444444 0.091406 0.119444
2 0.589453 0.300000 0.182031 0.080556
2 0.600781 0.398611 0.198437 0.088889
2 0.902344 0.377778 0.195312 0.152778
2 0.898828 0.533333 0.202344 0.166667
