1 0.610937 0.497222 0.023438 0.025000
1 0.609766 0.530556 0.017969 0.019444
1 0.611719 0.559722 0.020312 0.019444
1 0.610156 0.590278 0.020312 0.025000
1 0.609766 0.620833 0.021094 0.025000
1 0.755078 0.531250 0.007031 0.034722
1 0.868750 0.552778 0.007812 0.038889
1 0.872266 0.334722 0.011719 0.038889
1 0.779688 0.328472 0.014062 0.034722
1 0.576953 0.315278 0.010156 0.027778
1 0.564844 0.314583 0.009375 0.031944
1 0.287109 0.189583 0.013281 0.034722
1 0.200391 0.188194 0.017969 0.040278
1 0.093359 0.522222 0.022656 0.041667
1 0.214062 0.525000 0.035937 0.183333
1 0.298828 0.479861 0.019531 0.170833
1 0.310156 0.322917 0.012500 0.029167
1 0.320312 0.320833 0.010937 0.027778
1 0.361719 0.312500 0.012500 0.027778
1 0.350781 0.501389 0.010937 0.027778
1 0.356250 0.493056 0.014062 0.036111
1 0.436719 0.476389 0.014062 0.038889
1 0.448438 0.481944 0.014062 0.030556
3 0.158203 0.560417 0.125781 0.606944
3 0.259375 0.497222 0.101562 0.491667
2 0.057422 0.559028 0.114844 0.190278
2 0.140625 0.151389 0.132812 0.133333
2 0.248437 0.155556 0.087500 0.097222
2 0.539453 0.236111 0.060156 0.200000
2 0.609375 0.235417 0.070312 0.201389
2 0.821094 0.243056 0.068750 0.230556
2 0.904688 0.244444 0.057813 0.225000
2 0.895312 0.622222 0.067188 0.183333
2 0.797656 0.603472 0.100000 0.176389
2 0.428125 0.529167 0.035937 0.130556
2 0.466016 0.534028 0.039844 0.145833
2 0.611719 0.500000 0.060938 0.044444
2 0.611719 0.534028 0.054688 0.037500
2 0.612500 0.565278 0.054688 0.041667
2 0.610547 0.594444 0.052344 0.027778
2 0.616406 0.631944 0.053125 0.038889
2 0.374609 0.236806 0.044531 0.162500
2 0.334766 0.235417 0.041406 0.179167
2 0.299219 0.193750 0.025000 0.104167
2 0.334375 0.570139 0.040625 0.156944
2 0.380078 0.545139 0.049219 0.140278
2 0.043359 0.253472 0.085156 0.329167
0 0.991016 0.589583 0.017969 0.540278
