1 0.141797 0.343056 0.066406 0.375000
1 0.154687 0.745139 0.060938 0.370833
1 0.255859 0.326389 0.030469 0.058333
1 0.282031 0.845833 0.020312 0.038889
1 0.355469 0.887500 0.021875 0.033333
1 0.481250 0.795139 0.020312 0.043056
1 0.512500 0.770139 0.017188 0.037500
1 0.594531 0.711111 0.020312 0.036111
1 0.622266 0.641667 0.017969 0.027778
1 0.707422 0.346528 0.058594 0.037500
1 0.700000 0.547222 0.062500 0.041667
1 0.436719 0.170833 0.018750 0.036111
1 0.406641 0.159722 0.021094 0.044444
1 0.530859 0.343056 0.014844 0.030556
3 0.085938 0.265278 0.171875 0.500000
3 0.089844 0.793056 0.178125 0.413889
2 0.223438 0.186111 0.092188 0.341667
2 0.357031 0.101389 0.115625 0.191667
2 0.465625 0.120833 0.084375 0.200000
2 0.548437 0.212500 0.064062 0.294444
1 0.700000 0.234722 0.020312 0.036111
2 0.696094 0.163889 0.068750 0.158333
2 0.617969 0.640278 0.057813 0.066667
2 0.614844 0.781944 0.065625 0.211111
2 0.665625 0.741667 0.026563 0.180556
2 0.692969 0.727083 0.023438 0.170833
2 0.534766 0.858333 0.071094 0.247222
2 0.442969 0.886806 0.098438 0.226389
2 0.291406 0.938889 0.157813 0.122222
2 0.276172 0.837500 0.153906 0.069444
