1 0.342187 0.343056 0.067188 0.030556
1 0.350391 0.463194 0.060156 0.059722
1 0.360547 0.582639 0.047656 0.045833
1 0.362109 0.644444 0.044531 0.047222
1 0.339063 0.708333 0.090625 0.050000
1 0.355078 0.827778 0.083594 0.052778
1 0.362891 0.944444 0.083594 0.063889
2 0.364062 0.959028 0.331250 0.081944
2 0.364062 0.875000 0.362500 0.147222
2 0.366016 0.749306 0.383594 0.126389
2 0.359766 0.663194 0.372656 0.073611
2 0.447266 0.609722 0.200781 0.083333
2 0.442578 0.508333 0.196094 0.119444
2 0.436719 0.384722 0.206250 0.108333
