1 0.083984 0.465972 0.078906 0.023611
1 0.085156 0.507639 0.078125 0.023611
3 0.133984 0.372222 0.186719 0.202778
3 0.132422 0.707639 0.188281 0.445833
2 0.325391 0.158333 0.146094 0.175000
2 0.460547 0.197222 0.124219 0.230556
2 0.584375 0.200000 0.114063 0.222222
2 0.675391 0.210417 0.074219 0.212500
2 0.325000 0.695139 0.157813 0.123611
2 0.468750 0.679861 0.123438 0.093056
2 0.593359 0.668056 0.121094 0.094444
2 0.674219 0.640972 0.040625 0.054167
2 0.673047 0.691667 0.039844 0.047222
2 0.318750 0.809028 0.140625 0.090278
