1 0.228906 0.507639 0.017188 0.031944
1 0.249219 0.503472 0.018750 0.031944
1 0.369531 0.472917 0.017188 0.026389
1 0.367188 0.424306 0.020312 0.023611
1 0.444531 0.415972 0.028125 0.026389
1 0.535547 0.408333 0.021094 0.027778
1 0.774609 0.404167 0.019531 0.027778
1 0.836328 0.394444 0.021094 0.022222
1 0.832031 0.465972 0.014062 0.031944
1 0.884766 0.377778 0.028906 0.030556
1 0.823047 0.179861 0.013281 0.031944
1 0.837500 0.184028 0.010937 0.023611
1 0.937891 0.184722 0.017969 0.025000
1 0.693359 0.128472 0.017969 0.101389
1 0.644531 0.027778 0.021875 0.033333
1 0.659766 0.031250 0.021094 0.034722
1 0.481250 0.204861 0.014062 0.026389
1 0.468750 0.200000 0.012500 0.033333
2 0.424219 0.111111 0.090625 0.208333
2 0.519141 0.111806 0.092969 0.193056
2 0.611328 0.027083 0.075781 0.045833
2 0.691406 0.026389 0.084375 0.044444
2 0.782422 0.099306 0.092969 0.179167
2 0.886328 0.098611 0.094531 0.183333
2 0.968359 0.106944 0.063281 0.169444
2 0.185547 0.620833 0.114844 0.213889
2 0.288281 0.521528 0.092188 0.070833
2 0.364453 0.424306 0.046094 0.043056
2 0.369531 0.475000 0.046875 0.038889
2 0.484766 0.409722 0.160156 0.044444
2 0.801562 0.402778 0.110937 0.050000
2 0.809375 0.467361 0.101562 0.054167
2 0.892578 0.459722 0.049219 0.194444
