3 0.344531 0.441667 0.128125 0.111111
3 0.349609 0.568750 0.119531 0.106944
1 0.574609 0.374306 0.041406 0.018056
1 0.619141 0.438889 0.014844 0.052778
1 0.722266 0.577083 0.022656 0.031944
0 0.748828 0.465278 0.044531 0.294444
1 0.526953 0.372222 0.036719 0.019444
1 0.483984 0.429167 0.014844 0.055556
1 0.457422 0.595139 0.033594 0.020833
1 0.653125 0.598611 0.043750 0.016667
1 0.378125 0.371528 0.039062 0.023611
1 0.333203 0.367361 0.038281 0.020833
2 0.317187 0.335417 0.064062 0.081944
2 0.387109 0.333333 0.071094 0.083333
2 0.456250 0.375000 0.062500 0.166667
2 0.517969 0.343056 0.062500 0.086111
2 0.578125 0.343056 0.060938 0.086111
2 0.647266 0.378472 0.074219 0.179167
2 0.655859 0.604167 0.069531 0.055556
2 0.460547 0.617361 0.053906 0.065278
