3 0.707422 0.689583 0.138281 0.412500
3 0.701563 0.356944 0.139062 0.241667
1 0.757422 0.402778 0.028906 0.130556
1 0.760156 0.594444 0.025000 0.127778
1 0.907031 0.748611 0.145313 0.116667
1 0.476172 0.559028 0.013281 0.037500
1 0.454297 0.565278 0.016406 0.041667
2 0.396875 0.627778 0.140625 0.197222
2 0.526953 0.620833 0.119531 0.188889
1 0.154687 0.143750 0.021875 0.079167
1 0.214844 0.202083 0.021875 0.059722
1 0.242578 0.228472 0.022656 0.054167
2 0.234375 0.170139 0.026563 0.145833
2 0.198828 0.132639 0.036719 0.162500
2 0.161328 0.105556 0.058594 0.169444
2 0.106641 0.087500 0.063281 0.152778
