1 0.602734 0.434722 0.042969 0.422222
3 0.727734 0.409028 0.313281 0.381944
3 0.738281 0.709028 0.296875 0.120833
1 0.747266 0.648611 0.282031 0.055556
1 0.914844 0.267361 0.015625 0.043056
1 0.912500 0.342361 0.015625 0.045833
2 0.954297 0.181250 0.091406 0.223611
2 0.955859 0.411806 0.088281 0.201389
1 0.731250 0.078472 0.017188 0.051389
1 0.753906 0.081944 0.031250 0.047222
2 0.647266 0.062500 0.167969 0.086111
2 0.807813 0.070833 0.145313 0.075000
2 0.382812 0.243056 0.179688 0.316667
1 0.308203 0.362500 0.016406 0.050000
1 0.443750 0.625000 0.040625 0.025000
1 0.338672 0.704861 0.025781 0.045833
1 0.132422 0.309722 0.019531 0.055556
1 0.100000 0.312500 0.014062 0.047222
2 0.051953 0.188194 0.099219 0.279167
2 0.189063 0.197222 0.171875 0.291667
2 0.437500 0.626389 0.212500 0.044444
2 0.441797 0.748611 0.239844 0.155556
