1 0.416797 0.650694 0.064844 0.040278
1 0.419531 0.730556 0.065625 0.041667
1 0.422656 0.894444 0.059375 0.041667
1 0.663672 0.936806 0.063281 0.037500
1 0.664453 0.761806 0.063281 0.051389
1 0.747266 0.684722 0.072656 0.038889
1 0.836328 0.729861 0.025781 0.104167
1 0.595703 0.665278 0.053906 0.047222
1 0.964844 0.315972 0.021875 0.098611
1 0.849609 0.315972 0.016406 0.084722
1 0.702734 0.318750 0.027344 0.087500
1 0.670313 0.316667 0.015625 0.080556
1 0.460547 0.311806 0.017969 0.090278
1 0.430859 0.313194 0.025781 0.087500
1 0.237500 0.044444 0.021875 0.069444
1 0.205469 0.044444 0.020312 0.061111
1 0.182031 0.671528 0.225000 0.056944
2 0.396875 0.181944 0.084375 0.344444
2 0.498047 0.190278 0.110156 0.347222
2 0.617188 0.190972 0.134375 0.354167
2 0.757422 0.202778 0.136719 0.330556
2 0.895703 0.190278 0.099219 0.327778
2 0.981250 0.215278 0.037500 0.316667
2 0.836719 0.847917 0.031250 0.298611
2 0.593750 0.681944 0.131250 0.088889
2 0.731250 0.696528 0.117188 0.081944
2 0.667578 0.819444 0.275781 0.183333
2 0.669531 0.945139 0.273438 0.109722
2 0.424609 0.937500 0.197656 0.122222
2 0.419141 0.792361 0.205469 0.170833
2 0.421484 0.665972 0.194531 0.095833
2 0.165625 0.046528 0.110937 0.087500
2 0.285156 0.055556 0.121875 0.086111
