1 0.310547 0.672222 0.016406 0.038889
2 0.237500 0.733333 0.189063 0.205556
1 0.388672 0.627778 0.036719 0.036111
1 0.385547 0.693750 0.039844 0.031944
1 0.382812 0.752083 0.040625 0.037500
1 0.386719 0.820139 0.046875 0.037500
1 0.446875 0.807639 0.031250 0.056944
1 0.608984 0.140972 0.047656 0.018056
1 0.391016 0.306250 0.024219 0.045833
1 0.361328 0.307639 0.022656 0.040278
1 0.274219 0.313194 0.025000 0.045833
2 0.250781 0.253472 0.068750 0.187500
2 0.329297 0.240972 0.094531 0.212500
2 0.433203 0.230556 0.121094 0.213889
2 0.598437 0.092361 0.182812 0.126389
2 0.537500 0.870833 0.203125 0.161111
2 0.394141 0.633333 0.077344 0.052778
2 0.397656 0.686806 0.071875 0.048611
2 0.391797 0.754167 0.088281 0.058333
2 0.393359 0.821528 0.074219 0.056944
