1 0.504297 0.611111 0.044531 0.030556
1 0.567187 0.609028 0.046875 0.031944
1 0.188281 0.572917 0.221875 0.040278
1 0.013281 0.584722 0.023438 0.036111
1 0.798828 0.513889 0.041406 0.025000
1 0.850391 0.569444 0.041406 0.022222
1 0.901563 0.566667 0.037500 0.027778
1 0.956250 0.500694 0.040625 0.023611
2 0.799609 0.518056 0.146094 0.050000
2 0.942578 0.513194 0.110156 0.054167
2 0.936328 0.601389 0.125781 0.116667
2 0.803906 0.609722 0.140625 0.111111
2 0.613672 0.715972 0.149219 0.256944
2 0.444141 0.740972 0.178906 0.281944
2 0.029687 0.740278 0.059375 0.372222
1 0.073828 0.164583 0.055469 0.029167
1 0.014062 0.161806 0.028125 0.023611
2 0.017578 0.100000 0.035156 0.152778
2 0.141406 0.099306 0.218750 0.148611
1 0.747656 0.143750 0.040625 0.037500
2 0.791016 0.093750 0.130469 0.140278
