1 0.439453 0.256250 0.017969 0.062500
1 0.462500 0.255556 0.014062 0.058333
1 0.637500 0.450694 0.018750 0.062500
1 0.717969 0.770139 0.057813 0.037500
1 0.716016 0.872917 0.064844 0.040278
1 0.940625 0.869444 0.109375 0.050000
1 0.269141 0.449306 0.014844 0.056944
1 0.038672 0.465972 0.021094 0.065278
1 0.054297 0.458333 0.022656 0.072222
1 0.175000 0.840972 0.039062 0.043056
2 0.202734 0.270139 0.150781 0.437500
2 0.370313 0.167361 0.159375 0.240278
2 0.528516 0.175694 0.152344 0.237500
2 0.691406 0.272917 0.140625 0.431944
3 0.946484 0.565972 0.107031 0.526389
3 0.938672 0.904861 0.122656 0.129167
2 0.719531 0.768750 0.146875 0.079167
2 0.720703 0.869444 0.149219 0.122222
2 0.167969 0.831250 0.071875 0.098611
2 0.068750 0.270139 0.064062 0.445833
2 0.016016 0.272222 0.032031 0.438889
1 0.452344 0.746528 0.320312 0.045833
