1 0.959766 0.794444 0.063281 0.066667
1 0.950781 0.906250 0.023438 0.120833
1 0.974609 0.918056 0.032031 0.105556
1 0.791797 0.695139 0.038281 0.048611
1 0.788672 0.646528 0.039844 0.043056
1 0.695703 0.617361 0.017969 0.056944
1 0.683203 0.608333 0.016406 0.058333
1 0.675781 0.341667 0.017188 0.052778
1 0.640625 0.342361 0.015625 0.043056
1 0.608984 0.501389 0.016406 0.047222
1 0.540234 0.343056 0.010156 0.041667
1 0.530078 0.342361 0.013281 0.040278
1 0.522266 0.484722 0.033594 0.022222
1 0.493359 0.520139 0.014844 0.037500
1 0.429688 0.256250 0.007812 0.034722
1 0.422266 0.255556 0.010156 0.036111
1 0.319531 0.339583 0.010937 0.037500
1 0.310547 0.341667 0.014844 0.044444
1 0.170312 0.229167 0.009375 0.038889
1 0.158594 0.229861 0.014062 0.043056
1 0.160938 0.376389 0.017188 0.144444
1 0.141797 0.379167 0.022656 0.144444
1 0.303516 0.485417 0.033594 0.023611
3 0.194922 0.379167 0.072656 0.227778
3 0.113672 0.383333 0.077344 0.227778
2 0.114844 0.198611 0.081250 0.122222
2 0.199219 0.201389 0.084375 0.122222
2 0.283984 0.261111 0.063281 0.211111
2 0.300000 0.485417 0.106250 0.037500
2 0.516406 0.483333 0.057813 0.030556
2 0.520703 0.557639 0.057031 0.118056
2 0.606250 0.551389 0.023438 0.138889
2 0.665625 0.263889 0.034375 0.216667
2 0.638672 0.269444 0.016406 0.197222
2 0.563281 0.266667 0.045313 0.191667
2 0.510156 0.259028 0.053125 0.193056
2 0.450391 0.214583 0.044531 0.104167
2 0.391406 0.213194 0.065625 0.118056
2 0.342578 0.262500 0.044531 0.200000
2 0.668750 0.623611 0.028125 0.172222
2 0.700391 0.647917 0.030469 0.206944
2 0.775781 0.756944 0.115625 0.202778
2 0.777734 0.634028 0.080469 0.073611
2 0.929688 0.750694 0.132812 0.081944
2 0.898438 0.891667 0.110937 0.200000
2 0.983984 0.929861 0.032031 0.140278
