1 0.982813 0.768750 0.026563 0.040278
1 0.869531 0.690278 0.025000 0.036111
1 0.820312 0.660417 0.017188 0.031944
1 0.760547 0.712500 0.022656 0.027778
1 0.676953 0.610417 0.017969 0.023611
1 0.677344 0.654167 0.015625 0.019444
1 0.680078 0.698611 0.019531 0.033333
1 0.023828 0.786806 0.025781 0.045833
1 0.161328 0.693750 0.016406 0.034722
1 0.175391 0.688889 0.010156 0.038889
1 0.282813 0.710417 0.064062 0.084722
1 0.943359 0.410417 0.021094 0.037500
2 0.974609 0.201389 0.050781 0.383333
2 0.916797 0.233333 0.067969 0.350000
2 0.780078 0.329861 0.035156 0.226389
2 0.757812 0.343056 0.028125 0.213889
2 0.739844 0.356250 0.026563 0.198611
2 0.722266 0.360417 0.022656 0.190278
2 0.743750 0.776389 0.031250 0.161111
2 0.776953 0.811806 0.032031 0.173611
2 0.826172 0.813194 0.047656 0.320833
2 0.880859 0.844444 0.055469 0.294444
2 0.954687 0.816667 0.090625 0.238889
2 0.683594 0.612500 0.026563 0.044444
2 0.683203 0.656944 0.027344 0.041667
2 0.684375 0.724306 0.032812 0.081944
2 0.038281 0.848611 0.076563 0.169444
2 0.118359 0.848611 0.088281 0.302778
2 0.201953 0.800000 0.058594 0.283333
2 0.339063 0.624306 0.017188 0.037500
2 0.340234 0.672917 0.021094 0.056944
2 0.343359 0.726389 0.024219 0.033333
