1 0.748047 0.719444 0.025781 0.052778
1 0.589844 0.741667 0.021875 0.041667
1 0.639453 0.653472 0.017969 0.040278
1 0.601172 0.637500 0.017969 0.033333
1 0.552344 0.605556 0.018750 0.036111
1 0.507031 0.575694 0.012500 0.029167
1 0.541797 0.702083 0.025781 0.037500
1 0.542188 0.812500 0.015625 0.036111
1 0.588672 0.867361 0.016406 0.037500
2 0.661328 0.789583 0.064844 0.354167
2 0.755078 0.711806 0.078906 0.115278
2 0.607031 0.627083 0.054688 0.076389
2 0.555859 0.600694 0.055469 0.087500
2 0.505469 0.570139 0.043750 0.070833
2 0.570703 0.713889 0.094531 0.100000
2 0.567187 0.832639 0.092188 0.106944
