1 0.855859 0.649306 0.033594 0.068056
0 0.926172 0.561806 0.147656 0.876389
1 0.325781 0.754167 0.054688 0.050000
1 0.440234 0.713194 0.050781 0.031944
1 0.403125 0.808333 0.020312 0.038889
1 0.380469 0.813889 0.018750 0.033333
1 0.358203 0.375000 0.017969 0.041667
1 0.341406 0.377083 0.015625 0.037500
2 0.282031 0.208333 0.120312 0.388889
2 0.391016 0.219444 0.089844 0.386111
2 0.441016 0.704167 0.094531 0.077778
2 0.323047 0.754167 0.139844 0.077778
2 0.328125 0.892361 0.128125 0.179167
2 0.437109 0.867361 0.096094 0.204167
