0 0.304297 0.356944 0.052344 0.144444
1 0.802734 0.565972 0.016406 0.029167
1 0.987891 0.383333 0.021094 0.036111
1 0.888281 0.583333 0.018750 0.033333
1 0.991406 0.632639 0.017188 0.023611
1 0.938281 0.666667 0.015625 0.033333
1 0.918750 0.656944 0.017188 0.030556
2 0.832422 0.281250 0.089844 0.240278
2 0.952734 0.264583 0.094531 0.262500
2 0.972266 0.618750 0.055469 0.043056
2 0.896484 0.585417 0.072656 0.054167
2 0.966797 0.729167 0.066406 0.177778
2 0.890625 0.684722 0.068750 0.138889
2 0.810156 0.627083 0.034375 0.156944
2 0.280859 0.540278 0.071094 0.027778
2 0.287500 0.611806 0.062500 0.104167
2 0.344531 0.524306 0.059375 0.026389
2 0.544531 0.514583 0.050000 0.031944
2 0.603125 0.522917 0.054688 0.034722
2 0.660156 0.534028 0.059375 0.034722
2 0.380078 0.297222 0.024219 0.175000
