3 0.123047 0.333333 0.246094 0.255556
3 0.123828 0.735417 0.232031 0.495833
1 0.283984 0.336111 0.022656 0.038889
1 0.400781 0.198611 0.025000 0.038889
1 0.462891 0.202778 0.033594 0.033333
1 0.571875 0.269444 0.017188 0.030556
1 0.650391 0.263889 0.016406 0.036111
1 0.691016 0.255556 0.019531 0.033333
1 0.301953 0.675694 0.011719 0.023611
1 0.316406 0.734028 0.017188 0.029167
1 0.629297 0.652083 0.017969 0.031944
1 0.663672 0.737500 0.021094 0.036111
1 0.776563 0.805556 0.015625 0.027778
1 0.836719 0.840972 0.020312 0.037500
2 0.267969 0.209722 0.081250 0.300000
2 0.370703 0.142361 0.103906 0.162500
2 0.483984 0.149306 0.105469 0.173611
2 0.578125 0.187500 0.068750 0.213889
2 0.643359 0.179861 0.050781 0.218056
2 0.702344 0.165972 0.062500 0.218056
1 0.148047 0.484722 0.122656 0.036111
2 0.141016 0.113889 0.117969 0.147222
2 0.294531 0.673611 0.081250 0.061111
2 0.300781 0.822917 0.076563 0.209722
1 0.472656 0.618750 0.218750 0.023611
2 0.643359 0.647222 0.071094 0.080556
2 0.640625 0.799306 0.092188 0.226389
2 0.745313 0.867361 0.100000 0.265278
2 0.882422 0.907639 0.116406 0.184722
2 0.835938 0.735417 0.239063 0.143056
