1 0.104687 0.449306 0.023438 0.093056
1 0.033594 0.437500 0.020312 0.083333
1 0.330859 0.466667 0.030469 0.080556
1 0.598828 0.471528 0.025781 0.076389
1 0.708984 0.481944 0.027344 0.066667
1 0.799219 0.484722 0.021875 0.055556
1 0.876172 0.493750 0.021094 0.054167
1 0.941406 0.488889 0.015625 0.050000
1 0.956641 0.490278 0.019531 0.052778
2 0.031641 0.487500 0.055469 0.941667
2 0.191016 0.466667 0.192969 0.883333
2 0.384375 0.446528 0.140625 0.815278
2 0.542969 0.449306 0.118750 0.720833
2 0.669141 0.456250 0.102344 0.631944
2 0.763281 0.475694 0.082813 0.573611
2 0.850781 0.487500 0.059375 0.552778
2 0.920313 0.484722 0.048437 0.497222
2 0.971875 0.482639 0.056250 0.454167
