1 0.410547 0.252778 0.047656 0.055556
1 0.516406 0.250694 0.048437 0.062500
1 0.520703 0.417361 0.047656 0.051389
1 0.870703 0.469444 0.235156 0.047222
1 0.867969 0.638194 0.264062 0.062500
1 0.868359 0.789583 0.255469 0.054167
1 0.412500 0.079167 0.051562 0.058333
1 0.517187 0.084722 0.062500 0.061111
1 0.417188 0.409722 0.048437 0.055556
1 0.419922 0.570833 0.050781 0.058333
1 0.521094 0.573611 0.054688 0.050000
1 0.422656 0.724306 0.048437 0.054167
1 0.516797 0.725694 0.052344 0.054167
2 0.471875 0.152083 0.439063 0.168056
2 0.475000 0.304861 0.428125 0.151389
2 0.473828 0.465972 0.422656 0.162500
2 0.473828 0.622917 0.410156 0.148611
2 0.481250 0.768056 0.404687 0.155556
