1 0.484766 0.546528 0.100781 0.059722
1 0.474219 0.725694 0.101562 0.056944
1 0.770703 0.627083 0.058594 0.054167
1 0.791016 0.343750 0.036719 0.048611
1 0.617969 0.334722 0.031250 0.044444
1 0.341016 0.337500 0.035156 0.044444
1 0.158594 0.336111 0.039062 0.052778
1 0.168750 0.640278 0.059375 0.061111
2 0.155078 0.328472 0.228906 0.104167
2 0.475000 0.342361 0.390625 0.115278
2 0.787109 0.341667 0.214844 0.102778
2 0.758594 0.618750 0.176563 0.315278
2 0.473047 0.530556 0.389844 0.163889
2 0.469531 0.706250 0.379687 0.170833
2 0.166406 0.612500 0.237500 0.327778
