1 0.215625 0.540972 0.029687 0.031944
1 0.554688 0.677083 0.010937 0.031944
1 0.567578 0.679167 0.022656 0.033333
1 0.611328 0.946528 0.021094 0.037500
1 0.503125 0.879861 0.023438 0.040278
1 0.885547 0.673611 0.027344 0.055556
0 0.946094 0.594444 0.107813 0.808333
0 0.277344 0.511111 0.156250 0.488889
2 0.529297 0.654861 0.071094 0.315278
2 0.614453 0.678472 0.091406 0.351389
2 0.569531 0.893750 0.157813 0.134722
2 0.158984 0.681944 0.024219 0.038889
2 0.162891 0.723611 0.033594 0.044444
1 0.153906 0.677083 0.007812 0.029167
1 0.153906 0.723611 0.015625 0.030556
0 0.501953 0.329167 0.063281 0.225000
