1 0.727734 0.632639 0.025781 0.034722
1 0.642969 0.586111 0.029687 0.036111
1 0.642187 0.659722 0.023438 0.036111
1 0.639453 0.736806 0.027344 0.037500
1 0.639453 0.822917 0.024219 0.040278
1 0.217187 0.506944 0.032812 0.030556
1 0.218750 0.588194 0.023438 0.034722
1 0.221875 0.676389 0.023438 0.025000
1 0.355078 0.503472 0.024219 0.037500
1 0.451562 0.517361 0.032812 0.045833
2 0.226953 0.586111 0.138281 0.075000
2 0.220313 0.506944 0.140625 0.061111
2 0.231250 0.659722 0.128125 0.066667
2 0.356250 0.500000 0.090625 0.058333
2 0.455859 0.507639 0.100781 0.073611
2 0.356250 0.625000 0.079687 0.166667
2 0.448438 0.638889 0.089062 0.188889
2 0.647656 0.584722 0.065625 0.072222
2 0.644141 0.661111 0.063281 0.061111
2 0.648438 0.736806 0.073437 0.065278
2 0.649609 0.817361 0.061719 0.073611
2 0.746484 0.627778 0.099219 0.083333
1 0.723437 0.699306 0.028125 0.037500
2 0.730078 0.804861 0.094531 0.265278
1 0.665625 0.240972 0.020312 0.062500
2 0.594922 0.136111 0.047656 0.241667
2 0.649219 0.152778 0.057813 0.255556
2 0.718359 0.168750 0.064844 0.251389
2 0.771484 0.184722 0.046094 0.238889
0 0.397656 0.261111 0.034375 0.202778
