1 0.183203 0.308333 0.019531 0.038889
1 0.504297 0.268056 0.027344 0.038889
1 0.479297 0.726389 0.024219 0.041667
1 0.457812 0.735417 0.023438 0.048611
1 0.319141 0.830556 0.030469 0.044444
1 0.705078 0.615278 0.021094 0.038889
1 0.696484 0.725694 0.021094 0.040278
1 0.664453 0.252778 0.017969 0.033333
2 0.094531 0.175694 0.189063 0.318056
2 0.227344 0.943750 0.207813 0.112500
2 0.404687 0.856944 0.125000 0.286111
2 0.510547 0.815972 0.099219 0.284722
2 0.548437 0.143750 0.084375 0.265278
2 0.635938 0.141667 0.073437 0.269444
2 0.700391 0.605556 0.060156 0.094444
2 0.699219 0.709028 0.067188 0.101389
2 0.707812 0.146528 0.059375 0.231944
2 0.762109 0.143750 0.039844 0.206944
2 0.760547 0.591667 0.044531 0.180556
2 0.812891 0.575000 0.052344 0.152778
2 0.855859 0.137500 0.052344 0.213889
2 0.924219 0.143750 0.059375 0.204167
1 0.967969 0.446528 0.064062 0.048611
1 0.962891 0.595833 0.074219 0.041667
