1 0.138672 0.672222 0.030469 0.036111
1 0.281250 0.590278 0.023438 0.050000
1 0.348047 0.547917 0.021094 0.043056
1 0.384375 0.625000 0.014062 0.033333
1 0.325000 0.658333 0.018750 0.041667
1 0.311719 0.672222 0.014062 0.036111
1 0.154297 0.781944 0.022656 0.041667
1 0.132422 0.799306 0.028906 0.040278
1 0.544141 0.623611 0.022656 0.041667
1 0.563672 0.625000 0.019531 0.038889
2 0.512891 0.686806 0.089844 0.220833
2 0.598047 0.697222 0.086719 0.219444
1 0.743359 0.752083 0.050781 0.184722
2 0.142578 0.664583 0.177344 0.062500
2 0.100391 0.878472 0.096094 0.237500
2 0.189453 0.853472 0.091406 0.268056
2 0.279687 0.775000 0.068750 0.266667
2 0.270312 0.595833 0.070312 0.058333
2 0.343750 0.559722 0.060938 0.075000
2 0.346875 0.716667 0.054688 0.216667
2 0.389453 0.658333 0.032031 0.283333
