1 0.188672 0.722917 0.277344 0.259722
1 0.643750 0.294444 0.075000 0.083333
1 0.773438 0.202083 0.040625 0.048611
1 0.825781 0.143750 0.039062 0.040278
1 0.641016 0.820833 0.058594 0.358333
1 0.671875 0.803472 0.045313 0.393056
1 0.766797 0.431944 0.047656 0.091667
1 0.773828 0.647222 0.041406 0.100000
1 0.775781 0.914583 0.034375 0.129167
2 0.244141 0.603472 0.428906 0.401389
2 0.606641 0.313194 0.252344 0.209722
2 0.756641 0.209028 0.077344 0.187500
2 0.821094 0.156944 0.064062 0.141667
2 0.764063 0.425000 0.068750 0.158333
2 0.761719 0.644444 0.087500 0.241667
2 0.762500 0.883333 0.079687 0.227778
2 0.680859 0.729861 0.100781 0.540278
2 0.550781 0.788889 0.160938 0.422222
