1 0.199219 0.387500 0.040625 0.055556
1 0.235547 0.386111 0.042969 0.058333
1 0.253125 0.698611 0.040625 0.052778
1 0.526563 0.690972 0.037500 0.065278
1 0.520703 0.538194 0.042969 0.065278
1 0.518359 0.361111 0.039844 0.052778
1 0.798437 0.358333 0.039062 0.058333
1 0.829297 0.363194 0.035156 0.054167
1 0.798437 0.667361 0.051562 0.059722
2 0.718750 0.423611 0.160938 0.308333
2 0.884766 0.422222 0.158594 0.300000
2 0.790234 0.660417 0.316406 0.126389
2 0.518359 0.359028 0.228906 0.173611
2 0.522656 0.526389 0.207813 0.144444
2 0.522266 0.677778 0.202344 0.141667
2 0.311719 0.443750 0.181250 0.293056
2 0.126563 0.454861 0.179688 0.309722
2 0.263672 0.694444 0.324219 0.116667
