1 0.380078 0.481944 0.055469 0.141667
1 0.308984 0.493056 0.042969 0.133333
1 0.158594 0.347222 0.173438 0.050000
1 0.532031 0.312500 0.162500 0.050000
1 0.890234 0.286806 0.130469 0.034722
1 0.886719 0.452083 0.112500 0.045833
1 0.888281 0.672917 0.121875 0.048611
2 0.169531 0.338194 0.339063 0.112500
2 0.169141 0.651389 0.321094 0.483333
2 0.507422 0.608333 0.332031 0.416667
2 0.508594 0.323611 0.331250 0.113889
2 0.847656 0.288889 0.304688 0.122222
2 0.849219 0.451389 0.301562 0.175000
2 0.852344 0.646528 0.292188 0.176389
