1 0.866406 0.441667 0.095312 0.027778
1 0.868750 0.546528 0.096875 0.040278
1 0.865625 0.651389 0.098438 0.036111
1 0.864453 0.761111 0.102344 0.047222
1 0.863281 0.873611 0.098438 0.041667
1 0.431250 0.818750 0.110937 0.031944
1 0.432031 0.601389 0.115625 0.025000
1 0.584766 0.440278 0.110156 0.033333
1 0.275391 0.441667 0.108594 0.030556
1 0.057813 0.449306 0.037500 0.031944
1 0.032422 0.570139 0.030469 0.051389
2 0.273438 0.432639 0.325000 0.090278
2 0.589063 0.441667 0.309375 0.094444
2 0.866406 0.439583 0.240625 0.106944
2 0.860937 0.544444 0.240625 0.100000
2 0.864453 0.652083 0.236719 0.115278
2 0.860547 0.757639 0.239844 0.106944
2 0.860937 0.870833 0.234375 0.111111
2 0.429297 0.817361 0.616406 0.206944
2 0.432422 0.598611 0.627344 0.202778
2 0.049609 0.737500 0.064844 0.425000
2 0.052344 0.448611 0.056250 0.094444
