1 0.112891 0.218056 0.094531 0.094444
1 0.281250 0.213889 0.095312 0.100000
1 0.453906 0.221528 0.090625 0.095833
1 0.746484 0.231944 0.374219 0.083333
1 0.747266 0.333333 0.363281 0.077778
1 0.747656 0.446528 0.382812 0.065278
1 0.746484 0.561806 0.374219 0.054167
1 0.741797 0.665972 0.402344 0.068056
1 0.661719 0.761111 0.093750 0.083333
1 0.836328 0.762500 0.094531 0.094444
1 0.684766 0.905556 0.147656 0.155556
1 0.864844 0.909722 0.140625 0.150000
1 0.455078 0.561806 0.103906 0.093056
1 0.454297 0.445139 0.105469 0.101389
1 0.455078 0.334028 0.107031 0.081944
1 0.283594 0.336111 0.085938 0.097222
1 0.280078 0.452083 0.100781 0.093056
1 0.277344 0.556250 0.098438 0.087500
1 0.109766 0.561806 0.114844 0.095833
1 0.105859 0.445833 0.135156 0.094444
1 0.113281 0.329861 0.109375 0.095833
