1 0.095312 0.300694 0.082813 0.276389
1 0.092969 0.518056 0.062500 0.094444
1 0.089453 0.774306 0.063281 0.334722
1 0.197656 0.813889 0.067188 0.250000
1 0.200000 0.591667 0.065625 0.105556
1 0.201172 0.329861 0.064844 0.373611
1 0.616797 0.189583 0.674219 0.070833
1 0.905469 0.268056 0.056250 0.058333
1 0.624609 0.268750 0.441406 0.068056
1 0.610547 0.334028 0.671094 0.073611
1 0.617969 0.409722 0.448438 0.066667
1 0.905859 0.411806 0.075781 0.059722
1 0.642187 0.481250 0.406250 0.079167
1 0.907422 0.488889 0.094531 0.075000
1 0.907422 0.570139 0.085156 0.076389
1 0.903906 0.658333 0.084375 0.086111
1 0.902734 0.749306 0.105469 0.095833
1 0.903516 0.833333 0.096094 0.077778
1 0.906250 0.920139 0.096875 0.087500
1 0.583594 0.917361 0.464063 0.062500
1 0.594531 0.836806 0.473437 0.076389
1 0.593359 0.742361 0.480469 0.068056
1 0.642578 0.670833 0.383594 0.080556
1 0.644922 0.577778 0.396094 0.072222
